18584	1	5
18584	5	0
18584	11	3000
18584	12	5000
18584	15	31
18584	2	600
18584	4	3600
18584	65	4000
18584	68	4000
18584	88	9
18584	9	0
18584	34	9222
18584	29	1
22847	13	151
22923	13	151
22977	13	151
23044	13	152
23111	13	152
23164	13	152
23228	13	151
23330	13	170
23396	13	159
23636	13	156
23750	13	161
24002	13	154
24112	13	164
24239	13	153
24359	13	171
24481	13	170
24612	13	175
24741	13	160
24878	13	158
24997	13	161
25143	13	152
25268	13	178
25407	13	156
25566	13	160
25743	13	151
25871	13	153
26055	13	152
26214	13	168
27042	13	154
27145	13	152
27806	35	2
27806	10	0
27806	7	1
27806	67	0
27806	85	0
27806	86	0
27806	29	6
30766	13	160
30766	14	0
30766	15	31
30766	29	8
32166	13	171
32387	13	152
32498	13	166
32616	13	166
32763	13	152
32913	13	156
33025	13	177
33180	13	173
34766	35	2
34766	8	1
34766	9	0
34766	34	4843
34766	29	1
36075	13	170
36195	13	182
36339	13	160
36459	13	159
36801	13	162
36979	13	153
39609	35	2
39609	10	0
39609	7	2
39609	67	0
39609	85	0
39609	86	0
39609	29	6
43609	35	2
43609	8	2
43609	9	0
43609	34	3519
43609	29	1
45947	13	159
46100	13	177
46440	13	176
47128	35	2
47128	10	0
47128	7	3
47128	67	0
47128	85	0
47128	86	0
47128	29	6
50915	13	160
50915	14	0
50915	15	31
50915	29	8
54915	35	2
54915	8	3
54915	9	0
54915	34	3721
54915	29	1
58636	35	2
58636	10	0
58636	7	4
58636	67	0
58636	85	0
58636	86	0
58636	29	6
60772	13	164
60772	14	0
60772	15	31
60772	29	8
61918	13	159
62027	13	159
62145	13	168
62273	13	155
62426	13	161
62561	13	157
62714	13	156
62894	13	153
62984	13	151
63140	13	169
63287	13	163
63425	13	160
64187	13	171
64373	13	151
64606	13	152
64772	35	2
64772	8	4
64772	9	0
64772	34	4366
64772	29	1
68882	13	152
69008	13	171
69138	35	2
69138	10	0
69138	7	5
69138	67	0
69138	85	0
69138	86	0
69138	29	6
69158	13	155
69158	14	0
69158	15	31
69158	29	8
73158	35	2
73158	8	5
73158	9	0
73158	34	4117
73158	29	1
73610	13	166
73744	13	157
73843	13	154
73946	13	157
74065	13	157
74196	13	155
74300	13	156
74447	13	173
74597	13	152
74782	13	153
74953	13	151
77275	35	2
77275	10	0
77275	7	6
77275	67	0
77275	85	0
77275	86	0
77275	29	6
80330	13	154
80330	14	0
80330	15	31
80330	29	8
81402	13	165
81615	13	153
81737	13	188
81863	13	156
82019	13	159
82134	13	167
82305	13	163
82489	13	153
82614	13	164
84330	35	2
84330	8	6
84330	9	0
84330	34	4936
84330	29	1
89266	35	2
89266	10	0
89266	7	7
89266	67	0
89266	85	0
89266	86	0
89266	29	6
92862	13	156
92862	14	0
92862	15	31
92862	29	8
96862	35	2
96862	8	7
96862	9	0
96862	34	4195
96862	29	1
97299	13	160
97422	13	152
97536	13	156
97637	13	154
97764	13	153
97891	13	162
98003	13	177
98165	13	154
98315	13	152
98434	13	155
98591	13	154
99000	13	166
99158	13	163
99470	13	157
101057	35	2
101057	10	0
101057	7	8
101057	67	0
101057	85	0
101057	86	0
101057	29	6
105057	35	2
105057	8	8
105057	9	0
105057	34	4980
105057	29	1
107043	13	168
107213	13	165
107424	13	171
110038	35	2
110038	10	0
110038	7	9
110038	67	0
110038	85	0
110038	86	0
110038	29	6
111025	13	153
111025	14	0
111025	15	31
111025	29	8
115025	35	2
115025	8	9
115025	9	0
115025	34	3490
115025	29	1
118087	13	171
118225	13	158
118334	13	158
118436	13	152
118515	35	2
118515	10	0
118515	7	10
118515	67	0
118515	85	0
118515	86	0
118515	29	6
118549	13	164
118549	14	0
118549	15	31
118549	29	8
119664	13	153
119903	13	170
120023	13	166
120160	13	160
120296	13	160
120409	13	153
120604	13	152
120710	13	163
120899	13	153
121121	13	151
121239	13	158
122549	35	2
122549	8	10
122549	9	0
122549	34	4418
122549	29	1
122644	13	169
122808	13	152
122967	13	158
126967	35	2
126967	10	0
126967	7	11
126967	67	0
126967	85	0
126967	86	0
126967	29	6
127027	13	160
127027	14	0
127027	15	31
127027	29	8
130445	13	153
130567	13	152
130681	13	151
130786	13	169
130903	13	158
131027	35	2
131027	8	11
131027	9	0
131027	34	4962
131027	29	1
131046	13	159
131186	13	160
131306	13	180
135317	13	155
135451	13	156
135592	13	163
135774	13	171
135966	13	160
135989	35	2
135989	10	0
135989	7	12
135989	67	0
135989	85	0
135989	86	0
135989	29	6
136151	13	163
136151	14	0
136151	15	31
136151	29	8
137311	13	154
137426	13	151
137541	13	157
137696	13	153
137853	13	159
140151	35	2
140151	8	12
140151	9	0
140151	34	4595
140151	29	1
144122	13	172
144249	13	165
144410	13	159
144663	13	178
144746	35	2
144746	10	0
144746	7	13
144746	67	0
144746	85	0
144746	86	0
144746	29	6
144795	13	156
144795	14	0
144795	15	31
144795	29	8
148795	35	2
148795	8	13
148795	9	0
148795	34	3031
148795	29	1
149799	13	164
149937	13	154
150048	13	162
150154	13	159
150278	13	165
150409	13	173
151826	35	2
151826	10	0
151826	7	14
151826	67	0
151826	85	0
151826	86	0
151826	29	6
154195	13	158
154195	14	0
154195	15	31
154195	29	8
158195	35	2
158195	8	14
158195	9	0
158195	34	3928
158195	29	1
160806	13	172
160930	13	162
161027	13	157
161137	13	159
161251	13	156
161370	13	162
161491	13	164
161645	13	164
161789	13	176
161934	13	186
162123	35	2
162123	10	0
162123	7	15
162123	67	0
162123	85	0
162123	86	0
162123	29	6
163785	13	164
163785	14	0
163785	15	31
163785	29	8
167785	35	2
167785	8	15
167785	9	0
167785	34	4142
167785	29	1
168548	13	174
168671	13	158
168769	13	161
168867	13	169
168983	13	163
169108	13	159
169266	13	159
169391	13	165
169545	13	173
170546	13	165
170753	13	151
170878	13	173
171146	13	152
171927	35	2
171927	10	0
171927	7	16
171927	67	0
171927	85	0
171927	86	0
171927	29	6
175927	35	2
175927	8	16
175927	9	0
175927	34	4519
175927	29	1
177826	13	152
177979	13	154
178126	13	178
180446	35	2
180446	10	0
180446	7	17
180446	67	0
180446	85	0
180446	86	0
180446	29	6
183056	13	166
183056	14	0
183056	15	31
183056	29	8
187056	35	2
187056	8	17
187056	9	0
187056	34	4470
187056	29	1
191526	35	2
191526	10	0
191526	7	18
191526	67	0
191526	85	0
191526	86	0
191526	29	6
192070	13	168
192070	14	0
192070	15	31
192070	29	8
193230	13	153
193463	13	172
193594	13	167
193724	13	155
193850	13	176
194008	13	155
194135	13	152
194294	13	158
194432	13	183
194635	13	155
194741	13	176
195589	13	163
195740	13	151
195915	13	154
196070	35	2
196070	8	18
196070	9	0
196070	34	3618
196070	29	1
196093	13	153
199688	35	2
199688	10	0
199688	7	19
199688	67	0
199688	85	0
199688	86	0
199688	29	6
201412	13	160
201412	14	0
201412	15	31
201412	29	8
205412	35	2
205412	8	19
205412	9	0
205412	34	4759
205412	29	1
205652	13	153
205817	13	154
205922	13	160
206294	13	164
206447	13	152
210171	35	2
210171	10	0
210171	7	20
210171	67	0
210171	85	0
210171	86	0
210171	29	6
211927	13	166
211927	14	0
211927	15	31
211927	29	8
215443	13	175
215565	13	162
215658	13	169
215775	13	166
215891	13	163
215927	35	2
215927	8	20
215927	9	0
215927	34	4835
215927	29	1
216023	13	186
216160	13	153
216311	13	165
216473	13	153
216748	13	168
216906	13	154
219506	13	158
219646	13	164
219793	13	162
219975	13	152
220116	13	171
220762	35	2
220762	10	0
220762	7	21
220762	67	0
220762	85	0
220762	86	0
220762	29	6
224762	35	2
224762	8	21
224762	9	0
224762	34	4891
224762	29	1
229516	13	156
229650	13	159
229653	35	2
229653	10	0
229653	7	22
229653	67	0
229653	85	0
229653	86	0
229653	29	6
229804	13	181
229804	14	0
229804	15	31
229804	29	8
233804	35	2
233804	8	22
233804	9	0
233804	34	4310
233804	29	1
236810	13	161
236945	13	158
237079	13	155
237164	13	184
237286	13	170
237413	13	159
237541	13	151
237660	13	156
237958	13	166
238098	13	151
238114	35	2
238114	10	0
238114	7	23
238114	67	0
238114	85	0
238114	86	0
238114	29	6
238266	13	151
238266	14	0
238266	15	31
238266	29	8
242204	13	155
242266	35	2
242266	8	23
242266	9	0
242266	34	3641
242266	29	1
242319	13	172
242425	13	169
242528	13	173
242651	13	156
242775	13	154
242900	13	181
243043	13	180
243219	13	169
244050	13	162
245907	35	2
245907	10	0
245907	7	24
245907	67	0
245907	85	0
245907	86	0
245907	29	6
249907	35	2
249907	8	24
249907	9	0
249907	34	4418
249907	29	1
251429	13	155
251551	13	168
251708	13	154
251836	13	173
254325	35	2
254325	10	0
254325	7	25
254325	67	0
254325	85	0
254325	86	0
254325	29	6
257569	13	162
257569	14	0
257569	15	31
257569	29	8
261569	35	2
261569	8	25
261569	9	0
261569	34	4532
261569	29	1
262328	13	169
262441	13	158
262550	13	155
262645	13	157
262759	13	171
262883	13	163
263037	13	153
263196	13	155
263327	13	161
263492	13	151
264065	13	168
264229	13	152
264397	13	154
264561	13	180
264754	13	165
264911	13	159
265070	13	177
266101	35	2
266101	10	0
266101	7	26
266101	67	0
266101	85	0
266101	86	0
266101	29	6
266566	13	158
266566	14	0
266566	15	31
266566	29	8
270566	35	2
270566	8	26
270566	9	0
270566	34	4422
270566	29	1
274988	35	2
274988	10	0
274988	7	27
274988	67	0
274988	85	0
274988	86	0
274988	29	6
275278	13	166
275278	14	0
275278	15	31
275278	29	8
278116	13	151
278330	13	161
278449	13	173
278566	13	165
278691	13	156
279278	35	2
279278	8	27
279278	9	0
279278	34	4983
279278	29	1
279280	13	454
279439	13	155
279582	13	153
280848	13	170
280979	13	156
281125	13	167
281288	13	166
283164	13	170
283316	13	162
283435	13	168
283581	13	183
284261	35	2
284261	10	0
284261	7	28
284261	67	0
284261	85	0
284261	86	0
284261	29	6
284579	13	170
284579	14	0
284579	15	31
284579	29	8
288579	35	2
288579	8	28
288579	9	0
288579	34	4231
288579	29	1
290501	13	173
290623	13	170
290717	13	159
290830	13	167
290949	13	154
291230	13	177
291376	13	154
292810	35	2
292810	10	0
292810	7	29
292810	67	0
292810	85	0
292810	86	0
292810	29	6
294363	13	169
294363	14	0
294363	15	31
294363	29	8
298363	35	2
298363	8	29
298363	9	0
298363	34	4668
298363	29	1
300007	13	155
300146	13	181
300256	13	152
303031	35	2
303031	10	0
303031	7	30
303031	67	0
303031	85	0
303031	86	0
303031	29	6
307031	35	2
307031	8	30
307031	9	0
307031	34	4202
307031	29	1
307441	13	168
307576	13	151
307730	13	172
310068	13	160
311233	35	2
311233	10	0
311233	7	31
311233	67	0
311233	85	0
311233	86	0
311233	29	6
315233	35	2
315233	8	31
315233	9	0
315233	34	3141
315233	29	1
315751	13	154
315872	13	157
316006	13	151
318374	35	2
318374	10	0
318374	7	32
318374	67	0
318374	85	0
318374	86	0
318374	29	6
322374	35	2
322374	8	32
322374	9	0
322374	34	4461
322374	29	1
326774	13	156
326835	35	2
326835	10	0
326835	7	33
326835	67	0
326835	85	0
326835	86	0
326835	29	6
326914	13	168
326914	14	0
326914	15	31
326914	29	8
330914	35	2
330914	8	33
330914	9	0
330914	34	3015
330914	29	1
333929	35	2
333929	10	0
333929	7	34
333929	67	0
333929	85	0
333929	86	0
333929	29	6
334075	13	151
334075	14	0
334075	15	31
334075	29	8
337664	13	158
337815	13	151
337932	13	155
338075	35	2
338075	8	34
338075	9	0
338075	34	4961
338075	29	1
338077	13	488
343036	35	2
343036	10	0
343036	7	35
343036	67	0
343036	85	0
343036	86	0
343036	29	6
343308	13	151
343308	14	0
343308	15	31
343308	29	8
347308	35	2
347308	8	35
347308	9	0
347308	34	3277
347308	29	1
348550	13	157
348691	13	151
348804	13	153
348930	13	152
350585	35	2
350585	10	0
350585	7	36
350585	67	0
350585	85	0
350585	86	0
350585	29	6
353911	13	151
353911	14	0
353911	15	31
353911	29	8
357911	35	2
357911	8	36
357911	9	0
357911	34	4844
357911	29	1
358982	13	152
359123	13	156
359230	13	162
359347	13	182
359480	13	164
359640	13	175
359786	13	157
361091	13	158
361225	13	176
361369	13	175
362755	35	2
362755	10	0
362755	7	37
362755	67	0
362755	85	0
362755	86	0
362755	29	6
366755	35	2
366755	8	37
366755	9	0
366755	34	3667
366755	29	1
370422	35	2
370422	10	0
370422	7	38
370422	67	0
370422	85	0
370422	86	0
370422	29	6
370691	13	164
370691	14	0
370691	15	31
370691	29	8
374691	35	2
374691	8	38
374691	9	0
374691	34	3530
374691	29	1
378221	35	2
378221	10	0
378221	7	39
378221	67	0
378221	85	0
378221	86	0
378221	29	6
378754	13	153
378754	14	0
378754	15	31
378754	29	8
382754	35	2
382754	8	39
382754	9	0
382754	34	3272
382754	29	1
383696	13	161
383923	13	165
384046	13	161
384314	13	174
384449	13	175
384596	13	152
386026	35	2
386026	10	0
386026	7	40
386026	67	0
386026	85	0
386026	86	0
386026	29	6
386594	13	155
386594	14	0
386594	15	31
386594	29	8
388208	13	170
388358	13	153
388474	13	158
388600	13	174
390594	35	2
390594	8	40
390594	9	0
390594	34	4117
390594	29	1
394711	35	2
394711	10	0
394711	7	41
394711	67	0
394711	85	0
394711	86	0
394711	29	6
398711	35	2
398711	8	41
398711	9	0
398711	34	4913
398711	29	1
403340	13	162
403476	13	164
403619	13	160
403624	35	2
403624	10	0
403624	7	42
403624	67	0
403624	85	0
403624	86	0
403624	29	6
407624	35	2
407624	8	42
407624	9	0
407624	34	4114
407624	29	1
411738	35	2
411738	10	0
411738	7	43
411738	67	0
411738	85	0
411738	86	0
411738	29	6
412998	13	155
412998	14	0
412998	15	31
412998	29	8
416998	35	2
416998	8	43
416998	9	0
416998	34	4018
416998	29	1
420275	13	163
420410	13	156
420628	13	156
420760	13	154
420896	13	171
421016	35	2
421016	10	0
421016	7	44
421016	67	0
421016	85	0
421016	86	0
421016	29	6
421052	13	163
421052	14	0
421052	15	31
421052	29	8
425052	35	2
425052	8	44
425052	9	0
425052	34	3441
425052	29	1
425426	13	168
425571	13	151
425665	13	173
425794	13	151
425897	13	165
426027	13	151
426155	13	153
426300	13	160
428493	35	2
428493	10	0
428493	7	45
428493	67	0
428493	85	0
428493	86	0
428493	29	6
429802	13	159
429802	14	0
429802	15	31
429802	29	8
433802	35	2
433802	8	45
433802	9	0
433802	34	3121
433802	29	1
436923	35	2
436923	10	0
436923	7	46
436923	67	0
436923	85	0
436923	86	0
436923	29	6
440923	35	2
440923	8	46
440923	9	0
440923	34	3921
440923	29	1
444844	35	2
444844	10	0
444844	7	47
444844	67	0
444844	85	0
444844	86	0
444844	29	6
447272	13	162
447272	14	0
447272	15	31
447272	29	8
451272	35	2
451272	8	47
451272	9	0
451272	34	4752
451272	29	1
456024	35	2
456024	10	0
456024	7	48
456024	67	0
456024	85	0
456024	86	0
456024	29	6
460024	35	2
460024	8	48
460024	9	0
460024	34	3153
460024	29	1
463177	35	2
463177	10	0
463177	7	49
463177	67	0
463177	85	0
463177	86	0
463177	29	6
467177	35	2
467177	8	49
467177	9	0
467177	34	3236
467177	29	1
467953	13	167
468195	13	157
468444	13	160
470413	35	2
470413	10	0
470413	7	50
470413	67	0
470413	85	0
470413	86	0
470413	29	6
471890	13	159
471890	14	0
471890	15	31
471890	29	8
475890	35	2
475890	8	50
475890	9	0
475890	34	4769
475890	29	1
480659	35	2
480659	10	0
480659	7	51
480659	67	0
480659	85	0
480659	86	0
480659	29	6
484659	35	2
484659	8	51
484659	9	0
484659	34	3415
484659	29	1
487492	13	161
487744	13	160
487872	13	153
487982	13	161
488074	35	2
488074	10	0
488074	7	52
488074	67	0
488074	85	0
488074	86	0
488074	29	6
490564	13	168
490564	14	0
490564	15	31
490564	29	8
494564	35	2
494564	8	52
494564	9	0
494564	34	3957
494564	29	1
498521	35	2
498521	10	0
498521	7	53
498521	67	0
498521	85	0
498521	86	0
498521	29	6
501519	13	152
501519	14	0
501519	15	31
501519	29	8
502699	13	167
502959	13	162
503379	13	158
505519	35	2
505519	8	53
505519	9	0
505519	34	3903
505519	29	1
509414	13	161
509422	35	2
509422	10	0
509422	7	54
509422	67	0
509422	85	0
509422	86	0
509422	29	6
509554	13	158
509554	14	0
509554	15	31
509554	29	8
513554	35	2
513554	8	54
513554	9	0
513554	34	3450
513554	29	1
517004	35	2
517004	10	0
517004	7	55
517004	67	0
517004	85	0
517004	86	0
517004	29	6
521004	35	2
521004	8	55
521004	9	0
521004	34	4654
521004	29	1
524499	13	164
524646	13	158
525312	13	155
525458	13	155
525658	35	2
525658	10	0
525658	7	56
525658	67	0
525658	85	0
525658	86	0
525658	29	6
529658	35	2
529658	8	56
529658	9	0
529658	34	4104
529658	29	1
533762	35	2
533762	10	0
533762	7	57
533762	67	0
533762	85	0
533762	86	0
533762	29	6
537762	35	2
537762	8	57
537762	9	0
537762	34	3623
537762	29	1
537872	13	155
538011	13	151
538161	13	155
541385	35	2
541385	10	0
541385	7	58
541385	67	0
541385	85	0
541385	86	0
541385	29	6
545385	35	2
545385	8	58
545385	9	0
545385	34	3111
545385	29	1
547737	13	165
547930	13	156
548074	13	172
548496	35	2
548496	10	0
548496	7	59
548496	67	0
548496	85	0
548496	86	0
548496	29	6
552496	35	2
552496	8	59
552496	9	0
552496	34	4749
552496	29	1
557245	35	2
557245	10	0
557245	7	60
557245	67	0
557245	85	0
557245	86	0
557245	29	6
561245	35	2
561245	8	60
561245	9	0
561245	34	3974
561245	29	1
562521	13	164
562698	13	167
563257	13	174
565219	35	2
565219	10	0
565219	7	61
565219	67	0
565219	85	0
565219	86	0
565219	29	6
569219	35	2
569219	8	61
569219	9	0
569219	34	4929
569219	29	1
573346	13	153
573595	13	151
573782	13	168
574148	35	2
574148	10	0
574148	7	62
574148	67	0
574148	85	0
574148	86	0
574148	29	6
578148	35	2
578148	8	62
578148	9	0
578148	34	3394
578148	29	1
581542	35	2
581542	10	0
581542	7	63
581542	67	0
581542	85	0
581542	86	0
581542	29	6
585542	35	2
585542	8	63
585542	9	0
585542	34	4567
585542	29	1
590109	35	2
590109	10	0
590109	7	64
590109	67	0
590109	85	0
590109	86	0
590109	29	6
594109	35	2
594109	8	64
594109	9	0
594109	34	4583
594109	29	1
598692	35	2
598692	10	0
598692	7	65
598692	67	0
598692	85	0
598692	86	0
598692	29	6
602692	35	2
602692	8	65
602692	9	0
602692	34	4574
602692	29	1
607266	35	2
607266	10	0
607266	7	66
607266	67	0
607266	85	0
607266	86	0
607266	29	6
611266	35	2
611266	8	66
611266	9	0
611266	34	4259
611266	29	1
615525	35	2
615525	10	0
615525	7	67
615525	67	0
615525	85	0
615525	86	0
615525	29	6
618478	13	152
618478	14	0
618478	15	31
618478	29	8
622478	35	2
622478	8	67
622478	9	0
622478	34	3879
622478	29	1
626357	35	2
626357	10	0
626357	7	68
626357	67	0
626357	85	0
626357	86	0
626357	29	6
630358	35	2
630358	8	68
630358	9	0
630358	34	3983
630358	29	1
634341	35	2
634341	10	0
634341	7	69
634341	67	0
634341	85	0
634341	86	0
634341	29	6
638341	35	2
638341	8	69
638341	9	0
638341	34	4645
638341	29	1
642987	35	2
642987	10	0
642987	7	70
642987	67	0
642987	85	0
642987	86	0
642987	29	6
646987	35	2
646987	8	70
646987	9	0
646987	34	4912
646987	29	1
651899	35	2
651899	10	0
651899	7	71
651899	67	0
651899	85	0
651899	86	0
651899	29	6
655899	35	2
655899	8	71
655899	9	0
655899	34	4011
655899	29	1
659910	35	2
659910	10	0
659910	7	72
659910	67	0
659910	85	0
659910	86	0
659910	29	6
663910	35	2
663910	8	72
663910	9	0
663910	34	3446
663910	29	1
667356	35	2
667356	10	0
667356	7	73
667356	67	0
667356	85	0
667356	86	0
667356	29	6
671356	35	2
671356	8	73
671356	9	0
671356	34	3023
671356	29	1
674379	35	2
674379	10	0
674379	7	74
674379	67	0
674379	85	0
674379	86	0
674379	29	6
678379	35	2
678379	8	74
678379	9	0
678379	34	3768
678379	29	1
682147	35	2
682147	10	0
682147	7	75
682147	67	0
682147	85	0
682147	86	0
682147	29	6
686147	35	2
686147	8	75
686147	9	0
686147	34	3062
686147	29	1
689209	35	2
689209	10	0
689209	7	76
689209	67	0
689209	85	0
689209	86	0
689209	29	6
693209	35	2
693209	8	76
693209	9	0
693209	34	4085
693209	29	1
697294	35	2
697294	10	0
697294	7	77
697294	67	0
697294	85	0
697294	86	0
697294	29	6
701294	35	2
701294	8	77
701294	9	0
701294	34	4552
701294	29	1
705846	35	2
705846	10	0
705846	7	78
705846	67	0
705846	85	0
705846	86	0
705846	29	6
708535	13	153
708535	14	0
708535	15	31
708535	29	8
710456	13	155
710620	13	159
710740	13	177
710884	13	161
712535	35	2
712535	8	78
712535	9	0
712535	34	3768
712535	29	1
714865	13	163
715016	13	175
716303	35	2
716303	10	0
716303	7	79
716303	67	0
716303	85	0
716303	86	0
716303	29	6
720303	35	2
720303	8	79
720303	9	0
720303	34	4686
720303	29	1
724174	13	156
724341	13	159
724530	13	153
724989	35	2
724989	10	0
724989	7	80
724989	67	0
724989	85	0
724989	86	0
724989	29	6
728989	35	2
728989	8	80
728989	9	0
728989	34	3374
728989	29	1
732363	35	2
732363	10	0
732363	7	81
732363	67	0
732363	85	0
732363	86	0
732363	29	6
735991	13	162
735991	14	0
735991	15	31
735991	29	8
739991	35	2
739991	8	81
739991	9	0
739991	34	4675
739991	29	1
744666	35	2
744666	10	0
744666	7	82
744666	67	0
744666	85	0
744666	86	0
744666	29	6
748666	35	2
748666	8	82
748666	9	0
748666	34	3523
748666	29	1
752189	35	2
752189	10	0
752189	7	83
752189	67	0
752189	85	0
752189	86	0
752189	29	6
756189	35	2
756189	8	83
756189	9	0
756189	34	3680
756189	29	1
757374	13	162
757511	13	164
757743	13	168
757878	13	167
758200	13	165
759869	35	2
759869	10	0
759869	7	84
759869	67	0
759869	85	0
759869	86	0
759869	29	6
763869	35	2
763869	8	84
763869	9	0
763869	34	3391
763869	29	1
766098	13	159
766213	13	158
766355	13	174
766495	13	181
766807	13	169
767260	35	2
767260	10	0
767260	7	85
767260	67	0
767260	85	0
767260	86	0
767260	29	6
771260	35	2
771260	8	85
771260	9	0
771260	34	4859
771260	29	1
776119	35	2
776119	10	0
776119	7	86
776119	67	0
776119	85	0
776119	86	0
776119	29	6
780119	35	2
780119	8	86
780119	9	0
780119	34	3996
780119	29	1
784115	35	2
784115	10	0
784115	7	87
784115	67	0
784115	85	0
784115	86	0
784115	29	6
788115	35	2
788115	8	87
788115	9	0
788115	34	3017
788115	29	1
791132	35	2
791132	10	0
791132	7	88
791132	67	0
791132	85	0
791132	86	0
791132	29	6
792442	13	163
792442	14	0
792442	15	31
792442	29	8
796442	35	2
796442	8	88
796442	9	0
796442	34	4739
796442	29	1
801181	35	2
801181	10	0
801181	7	89
801181	67	0
801181	85	0
801181	86	0
801181	29	6
805181	35	2
805181	8	89
805181	9	0
805181	34	4563
805181	29	1
809744	35	2
809744	10	0
809744	7	90
809744	67	0
809744	85	0
809744	86	0
809744	29	6
813744	35	2
813744	8	90
813744	9	0
813744	34	3644
813744	29	1
817388	35	2
817388	10	0
817388	7	91
817388	67	0
817388	85	0
817388	86	0
817388	29	6
821388	35	2
821388	8	91
821388	9	0
821388	34	3635
821388	29	1
825023	35	2
825023	10	0
825023	7	92
825023	67	0
825023	85	0
825023	86	0
825023	29	6
829023	35	2
829023	8	92
829023	9	0
829023	34	4545
829023	29	1
829558	13	175
829703	13	156
829829	13	161
829934	13	174
833568	35	2
833568	10	0
833568	7	93
833568	67	0
833568	85	0
833568	86	0
833568	29	6
837478	13	161
837478	14	0
837478	15	31
837478	29	8
840380	13	163
840529	13	161
841478	35	2
841478	8	93
841478	9	0
841478	34	4650
841478	29	1
846128	35	2
846128	10	0
846128	7	94
846128	67	0
846128	85	0
846128	86	0
846128	29	6
850128	35	2
850128	8	94
850128	9	0
850128	34	3102
850128	29	1
853230	35	2
853230	10	0
853230	7	95
853230	67	0
853230	85	0
853230	86	0
853230	29	6
855668	13	151
855668	14	0
855668	15	31
855668	29	8
859668	35	2
859668	8	95
859668	9	0
859668	34	3456
859668	29	1
863124	35	2
863124	10	0
863124	7	96
863124	67	0
863124	85	0
863124	86	0
863124	29	6
865184	13	166
865184	14	0
865184	15	31
865184	29	8
869184	35	2
869184	8	96
869184	9	0
869184	34	3931
869184	29	1
873115	35	2
873115	10	0
873115	7	97
873115	67	0
873115	85	0
873115	86	0
873115	29	6
876745	13	155
876745	14	0
876745	15	31
876745	29	8
880745	35	2
880745	8	97
880745	9	0
880745	34	4486
880745	29	1
885231	35	2
885231	10	0
885231	7	98
885231	67	0
885231	85	0
885231	86	0
885231	29	6
885518	13	162
885518	14	0
885518	15	31
885518	29	8
886910	13	172
887050	13	161
887188	13	157
887330	13	159
887482	13	152
887968	13	160
888128	13	157
889177	13	157
889369	13	163
889518	35	2
889518	8	98
889518	9	0
889518	34	3012
889518	29	1
892530	35	2
892530	10	0
892530	7	99
892530	67	0
892530	85	0
892530	86	0
892530	29	6
896530	35	2
896530	8	99
896530	9	0
896530	34	3975
896530	29	1
899933	13	162
900093	13	157
900303	13	167
900505	35	2
900505	10	0
900505	7	100
900505	67	0
900505	85	0
900505	86	0
900505	29	6
904505	35	2
904505	8	100
904505	9	0
904505	34	3149
904505	29	1
907654	35	2
907654	10	0
907654	7	101
907654	67	0
907654	85	0
907654	86	0
907654	29	6
909291	13	155
909291	14	0
909291	15	31
909291	29	8
913291	35	2
913291	8	101
913291	9	0
913291	34	4421
913291	29	1
917712	35	2
917712	10	0
917712	7	102
917712	67	0
917712	85	0
917712	86	0
917712	29	6
921712	35	2
921712	8	102
921712	9	0
921712	34	3980
921712	29	1
925692	35	2
925692	10	0
925692	7	103
925692	67	0
925692	85	0
925692	86	0
925692	29	6
929692	35	2
929692	8	103
929692	9	0
929692	34	3834
929692	29	1
933526	35	2
933526	10	0
933526	7	104
933526	67	0
933526	85	0
933526	86	0
933526	29	6
937526	35	2
937526	8	104
937526	9	0
937526	34	4879
937526	29	1
942405	35	2
942405	10	0
942405	7	105
942405	67	0
942405	85	0
942405	86	0
942405	29	6
946405	35	2
946405	8	105
946405	9	0
946405	34	4528
946405	29	1
950933	35	2
950933	10	0
950933	7	106
950933	67	0
950933	85	0
950933	86	0
950933	29	6
954933	35	2
954933	8	106
954933	9	0
954933	34	3335
954933	29	1
958268	35	2
958268	10	0
958268	7	107
958268	67	0
958268	85	0
958268	86	0
958268	29	6
962268	35	2
962268	8	107
962268	9	0
962268	34	3446
962268	29	1
965714	35	2
965714	10	0
965714	7	108
965714	67	0
965714	85	0
965714	86	0
965714	29	6
969714	35	2
969714	8	108
969714	9	0
969714	34	4338
969714	29	1
974052	35	2
974052	10	0
974052	7	109
974052	67	0
974052	85	0
974052	86	0
974052	29	6
977517	13	162
977517	14	0
977517	15	31
977517	29	8
980087	13	158
980230	13	164
980465	13	158
980966	13	159
981517	35	2
981517	8	109
981517	9	0
981517	34	4750
981517	29	1
985669	13	153
985801	13	158
985957	13	153
986267	35	2
986267	10	0
986267	7	110
986267	67	0
986267	85	0
986267	86	0
986267	29	6
986382	13	167
986382	14	0
986382	15	31
986382	29	8
990382	35	2
990382	8	110
990382	9	0
990382	34	3602
990382	29	1
993984	35	2
993984	10	0
993984	7	111
993984	67	0
993984	85	0
993984	86	0
993984	29	6
997984	35	2
997984	8	111
997984	9	0
997984	34	4500
997984	29	1
1001582	13	159
1001724	13	152
1001821	13	166
1002484	35	2
1002484	10	0
1002484	7	112
1002484	67	0
1002484	85	0
1002484	86	0
1002484	29	6
1006484	35	2
1006484	8	112
1006484	9	0
1006484	34	4420
1006484	29	1
1008865	13	164
1009031	13	156
1010904	35	2
1010904	10	0
1010904	7	113
1010904	67	0
1010904	85	0
1010904	86	0
1010904	29	6
1014904	35	2
1014904	8	113
1014904	9	0
1014904	34	3637
1014904	29	1
1018541	35	2
1018541	10	0
1018541	7	114
1018541	67	0
1018541	85	0
1018541	86	0
1018541	29	6
1022541	35	2
1022541	8	114
1022541	9	0
1022541	34	3979
1022541	29	1
1026520	35	2
1026520	10	0
1026520	7	115
1026520	67	0
1026520	85	0
1026520	86	0
1026520	29	6
1030520	35	2
1030520	8	115
1030520	9	0
1030520	34	3739
1030520	29	1
1034259	35	2
1034259	10	0
1034259	7	116
1034259	67	0
1034259	85	0
1034259	86	0
1034259	29	6
1038259	35	2
1038259	8	116
1038259	9	0
1038259	34	3097
1038259	29	1
1041356	35	2
1041356	10	0
1041356	7	117
1041356	67	0
1041356	85	0
1041356	86	0
1041356	29	6
1045356	35	2
1045356	8	117
1045356	9	0
1045356	34	4735
1045356	29	1
1050091	35	2
1050091	10	0
1050091	7	118
1050091	67	0
1050091	85	0
1050091	86	0
1050091	29	6
1054091	35	2
1054091	8	118
1054091	9	0
1054091	34	4883
1054091	29	1
1058974	35	2
1058974	10	0
1058974	7	119
1058974	67	0
1058974	85	0
1058974	86	0
1058974	29	6
1062974	35	2
1062974	8	119
1062974	9	0
1062974	34	4042
1062974	29	1
1067016	35	2
1067016	10	0
1067016	7	120
1067016	67	0
1067016	85	0
1067016	86	0
1067016	29	6
1071016	35	2
1071016	8	120
1071016	9	0
1071016	34	3275
1071016	29	1
1074291	35	2
1074291	10	0
1074291	7	121
1074291	67	0
1074291	85	0
1074291	86	0
1074291	29	6
1078291	35	2
1078291	8	121
1078291	9	0
1078291	34	4952
1078291	29	1
1083071	13	157
1083243	35	2
1083243	10	0
1083243	7	122
1083243	67	0
1083243	85	0
1083243	86	0
1083243	29	6
1083283	13	153
1083283	14	0
1083283	15	31
1083283	29	8
1086265	13	151
1086425	13	160
1086563	13	152
1087283	35	2
1087283	8	122
1087283	9	0
1087283	34	4762
1087283	29	1
1092045	35	2
1092045	10	0
1092045	7	123
1092045	67	0
1092045	85	0
1092045	86	0
1092045	29	6
1096045	35	2
1096045	8	123
1096045	9	0
1096045	34	3447
1096045	29	1
1098223	13	160
1098560	13	165
1098728	13	158
1098909	13	167
1099492	35	2
1099492	10	0
1099492	7	124
1099492	67	0
1099492	85	0
1099492	86	0
1099492	29	6
1103492	35	2
1103492	8	124
1103492	9	0
1103492	34	4747
1103492	29	1
1104434	13	157
1104598	13	157
1104934	13	152
1108239	35	2
1108239	10	0
1108239	7	125
1108239	67	0
1108239	85	0
1108239	86	0
1108239	29	6
1112239	35	2
1112239	8	125
1112239	9	0
1112239	34	4530
1112239	29	1
1116769	35	2
1116769	10	0
1116769	7	126
1116769	67	0
1116769	85	0
1116769	86	0
1116769	29	6
1120769	35	2
1120769	8	126
1120769	9	0
1120769	34	4735
1120769	29	1
1125504	35	2
1125504	10	0
1125504	7	127
1125504	67	0
1125504	85	0
1125504	86	0
1125504	29	6
1129504	35	2
1129504	8	127
1129504	9	0
1129504	34	3163
1129504	29	1
1132667	35	2
1132667	10	0
1132667	7	128
1132667	67	0
1132667	85	0
1132667	86	0
1132667	29	6
1136667	35	2
1136667	8	128
1136667	9	0
1136667	34	3981
1136667	29	1
1140648	35	2
1140648	10	0
1140648	7	129
1140648	67	0
1140648	85	0
1140648	86	0
1140648	29	6
1144648	35	2
1144648	8	129
1144648	9	0
1144648	34	4488
1144648	29	1
1149136	35	2
1149136	10	0
1149136	7	130
1149136	67	0
1149136	85	0
1149136	86	0
1149136	29	6
1153136	35	2
1153136	8	130
1153136	9	0
1153136	34	4975
1153136	29	1
1158111	35	2
1158111	10	0
1158111	7	131
1158111	67	0
1158111	85	0
1158111	86	0
1158111	29	6
1162112	35	2
1162112	8	131
1162112	9	0
1162112	34	4681
1162112	29	1
1163631	13	155
1163796	13	171
1164009	13	153
1166793	35	2
1166793	10	0
1166793	7	132
1166793	67	0
1166793	85	0
1166793	86	0
1166793	29	6
1170793	35	2
1170793	8	132
1170793	9	0
1170793	34	4364
1170793	29	1
1174794	13	161
1174971	13	170
1175157	35	2
1175157	10	0
1175157	7	133
1175157	67	0
1175157	85	0
1175157	86	0
1175157	29	6
1175468	13	161
1175468	14	0
1175468	15	31
1175468	29	8
1176558	13	151
1176716	13	163
1176835	13	156
1176976	13	158
1179468	35	2
1179468	8	133
1179468	9	0
1179468	34	4697
1179468	29	1
1184165	35	2
1184165	10	0
1184165	7	134
1184165	67	0
1184165	85	0
1184165	86	0
1184165	29	6
1188165	35	2
1188165	8	134
1188165	9	0
1188165	34	4989
1188165	29	1
1193154	35	2
1193154	10	0
1193154	7	135
1193154	67	0
1193154	85	0
1193154	86	0
1193154	29	6
1197154	35	2
1197154	8	135
1197154	9	0
1197154	34	3684
1197154	29	1
1200838	35	2
1200838	10	0
1200838	7	136
1200838	67	0
1200838	85	0
1200838	86	0
1200838	29	6
1204838	35	2
1204838	8	136
1204838	9	0
1204838	34	4593
1204838	29	1
1209431	35	2
1209431	10	0
1209431	7	137
1209431	67	0
1209431	85	0
1209431	86	0
1209431	29	6
1213431	35	2
1213431	8	137
1213431	9	0
1213431	34	3001
1213431	29	1
1216432	35	2
1216432	10	0
1216432	7	138
1216432	67	0
1216432	85	0
1216432	86	0
1216432	29	6
1220432	35	2
1220432	8	138
1220432	9	0
1220432	34	3736
1220432	29	1
1224168	35	2
1224168	10	0
1224168	7	139
1224168	67	0
1224168	85	0
1224168	86	0
1224168	29	6
1226873	13	155
1226873	14	0
1226873	15	31
1226873	29	8
1228614	13	152
1228830	13	153
1230873	35	2
1230873	8	139
1230873	9	0
1230873	34	3411
1230873	29	1
1234284	35	2
1234284	10	0
1234284	7	140
1234284	67	0
1234284	85	0
1234284	86	0
1234284	29	6
1238284	35	2
1238284	8	140
1238284	9	0
1238284	34	3076
1238284	29	1
1241360	35	2
1241360	10	0
1241360	7	141
1241360	67	0
1241360	85	0
1241360	86	0
1241360	29	6
1245360	35	2
1245360	8	141
1245360	9	0
1245360	34	3008
1245360	29	1
1248368	35	2
1248368	10	0
1248368	7	142
1248368	67	0
1248368	85	0
1248368	86	0
1248368	29	6
1252368	35	2
1252368	8	142
1252368	9	0
1252368	34	4562
1252368	29	1
1256930	35	2
1256930	10	0
1256930	7	143
1256930	67	0
1256930	85	0
1256930	86	0
1256930	29	6
1260930	35	2
1260930	8	143
1260930	9	0
1260930	34	4686
1260930	29	1
1265616	35	2
1265616	10	0
1265616	7	144
1265616	67	0
1265616	85	0
1265616	86	0
1265616	29	6
1268349	13	161
1268349	14	0
1268349	15	31
1268349	29	8
1270508	13	151
1270682	13	165
1270858	13	161
1272349	35	2
1272349	8	144
1272349	9	0
1272349	34	4578
1272349	29	1
1275238	13	152
1275508	13	156
1275718	13	152
1276928	35	2
1276928	10	0
1276928	7	145
1276928	67	0
1276928	85	0
1276928	86	0
1276928	29	6
1280928	35	2
1280928	8	145
1280928	9	0
1280928	34	3380
1280928	29	1
1284308	35	2
1284308	10	0
1284308	7	146
1284308	67	0
1284308	85	0
1284308	86	0
1284308	29	6
1288308	35	2
1288308	8	146
1288308	9	0
1288308	34	3192
1288308	29	1
1291500	35	2
1291500	10	0
1291500	7	147
1291500	67	0
1291500	85	0
1291500	86	0
1291500	29	6
1295500	35	2
1295500	8	147
1295500	9	0
1295500	34	4708
1295500	29	1
1300208	35	2
1300208	10	0
1300208	7	148
1300208	67	0
1300208	85	0
1300208	86	0
1300208	29	6
1304208	35	2
1304208	8	148
1304208	9	0
1304208	34	3134
1304208	29	1
1307342	35	2
1307342	10	0
1307342	7	149
1307342	67	0
1307342	85	0
1307342	86	0
1307342	29	6
1311342	35	2
1311342	8	149
1311342	9	0
1311342	34	4690
1311342	29	1
1316032	35	2
1316032	10	0
1316032	7	150
1316032	67	0
1316032	85	0
1316032	86	0
1316032	29	6
1320032	35	2
1320032	8	150
1320032	9	0
1320032	34	4396
1320032	29	1
1324428	35	2
1324428	10	0
1324428	7	151
1324428	67	0
1324428	85	0
1324428	86	0
1324428	29	6
1328428	35	2
1328428	8	151
1328428	9	0
1328428	34	4552
1328428	29	1
1332980	35	2
1332980	10	0
1332980	7	152
1332980	67	0
1332980	85	0
1332980	86	0
1332980	29	6
1336980	35	2
1336980	8	152
1336980	9	0
1336980	34	3848
1336980	29	1
1339910	13	152
1340073	13	158
1340241	13	163
1340828	35	2
1340828	10	0
1340828	7	153
1340828	67	0
1340828	85	0
1340828	86	0
1340828	29	6
1341102	13	162
1341102	14	0
1341102	15	31
1341102	29	8
1345102	35	2
1345102	8	153
1345102	9	0
1345102	34	3189
1345102	29	1
1348291	35	2
1348291	10	0
1348291	7	154
1348291	67	0
1348291	85	0
1348291	86	0
1348291	29	6
1352291	35	2
1352291	8	154
1352291	9	0
1352291	34	3957
1352291	29	1
1355478	13	155
1355635	13	153
1355772	13	162
1355890	13	163
1356046	13	159
1356248	35	2
1356248	10	0
1356248	7	155
1356248	67	0
1356248	85	0
1356248	86	0
1356248	29	6
1358951	13	155
1358951	14	0
1358951	15	31
1358951	29	8
1360126	13	161
1360288	13	151
1360397	13	177
1360531	13	177
1360688	13	154
1362951	35	2
1362951	8	155
1362951	9	0
1362951	34	4703
1362951	29	1
1363189	13	157
1363325	13	166
1363500	13	164
1363845	13	153
1364017	13	182
1364232	13	151
1366384	13	164
1366579	13	155
1367654	35	2
1367654	10	0
1367654	7	156
1367654	67	0
1367654	85	0
1367654	86	0
1367654	29	6
1371654	35	2
1371654	8	156
1371654	9	0
1371654	34	4410
1371654	29	1
1373621	13	162
1373805	13	152
1376064	35	2
1376064	10	0
1376064	7	157
1376064	67	0
1376064	85	0
1376064	86	0
1376064	29	6
1379576	13	159
1379576	14	0
1379576	15	31
1379576	29	8
1383576	35	2
1383576	8	157
1383576	9	0
1383576	34	4016
1383576	29	1
1387592	35	2
1387592	10	0
1387592	7	158
1387592	67	0
1387592	85	0
1387592	86	0
1387592	29	6
1388057	13	162
1388057	14	0
1388057	15	31
1388057	29	8
1389988	13	167
1390283	13	163
1390919	13	164
1392057	35	2
1392057	8	158
1392057	9	0
1392057	34	3336
1392057	29	1
1395393	35	2
1395393	10	0
1395393	7	159
1395393	67	0
1395393	85	0
1395393	86	0
1395393	29	6
1398154	13	157
1398154	14	0
1398154	15	31
1398154	29	8
1399227	13	157
1399404	13	156
1399507	13	155
1399659	13	157
1400492	13	161
1400811	13	165
1401024	13	164
1402155	35	2
1402155	8	159
1402155	9	0
1402155	34	3512
1402155	29	1
1405667	35	2
1405667	10	0
1405667	7	160
1405667	67	0
1405667	85	0
1405667	86	0
1405667	29	6
1409667	35	2
1409667	8	160
1409667	9	0
1409667	34	3105
1409667	29	1
1410147	13	157
1410302	13	171
1410480	13	153
1412772	35	2
1412772	10	0
1412772	7	161
1412772	67	0
1412772	85	0
1412772	86	0
1412772	29	6
1416772	35	2
1416772	8	161
1416772	9	0
1416772	34	4484
1416772	29	1
1421256	35	2
1421256	10	0
1421256	7	162
1421256	67	0
1421256	85	0
1421256	86	0
1421256	29	6
1425256	35	2
1425256	8	162
1425256	9	0
1425256	34	4300
1425256	29	1
1429556	35	2
1429556	10	0
1429556	7	163
1429556	67	0
1429556	85	0
1429556	86	0
1429556	29	6
1433556	35	2
1433556	8	163
1433556	9	0
1433556	34	4565
1433556	29	1
1438121	35	2
1438121	10	0
1438121	7	164
1438121	67	0
1438121	85	0
1438121	86	0
1438121	29	6
1442121	35	2
1442121	8	164
1442121	9	0
1442121	34	4586
1442121	29	1
1445035	13	151
1445208	13	165
1445403	13	170
1446707	35	2
1446707	10	0
1446707	7	165
1446707	67	0
1446707	85	0
1446707	86	0
1446707	29	6
1450707	35	2
1450707	8	165
1450707	9	0
1450707	34	4977
1450707	29	1
1455684	35	2
1455684	10	0
1455684	7	166
1455684	67	0
1455684	85	0
1455684	86	0
1455684	29	6
1459684	35	2
1459684	8	166
1459684	9	0
1459684	34	4829
1459684	29	1
1461445	13	151
1461602	13	157
1461772	13	165
1461954	13	156
1462088	13	170
1463574	13	164
1464513	35	2
1464513	10	0
1464513	7	167
1464513	67	0
1464513	85	0
1464513	86	0
1464513	29	6
1468513	35	2
1468513	8	167
1468513	9	0
1468513	34	4484
1468513	29	1
1472997	35	2
1472997	10	0
1472997	7	168
1472997	67	0
1472997	85	0
1472997	86	0
1472997	29	6
1476997	35	2
1476997	8	168
1476997	9	0
1476997	34	3857
1476997	29	1
1480854	35	2
1480854	10	0
1480854	7	169
1480854	67	0
1480854	85	0
1480854	86	0
1480854	29	6
1484854	35	2
1484854	8	169
1484854	9	0
1484854	34	4092
1484854	29	1
1488946	35	2
1488946	10	0
1488946	7	170
1488946	67	0
1488946	85	0
1488946	86	0
1488946	29	6
1492946	35	2
1492946	8	170
1492946	9	0
1492946	34	4864
1492946	29	1
1497810	35	2
1497810	10	0
1497810	7	171
1497810	67	0
1497810	85	0
1497810	86	0
1497810	29	6
1501810	35	2
1501810	8	171
1501810	9	0
1501810	34	4171
1501810	29	1
1505981	35	2
1505981	10	0
1505981	7	172
1505981	67	0
1505981	85	0
1505981	86	0
1505981	29	6
1509981	35	2
1509981	8	172
1509981	9	0
1509981	34	4094
1509981	29	1
1514075	35	2
1514075	10	0
1514075	7	173
1514075	67	0
1514075	85	0
1514075	86	0
1514075	29	6
1518075	35	2
1518075	8	173
1518075	9	0
1518075	34	4558
1518075	29	1
1518708	13	156
1518901	13	158
1519153	13	160
1519379	13	151
1522633	35	2
1522633	10	0
1522633	7	174
1522633	67	0
1522633	85	0
1522633	86	0
1522633	29	6
1526633	35	2
1526633	8	174
1526633	9	0
1526633	34	4248
1526633	29	1
1530881	35	2
1530881	10	0
1530881	7	175
1530881	67	0
1530881	85	0
1530881	86	0
1530881	29	6
1534881	35	2
1534881	8	175
1534881	9	0
1534881	34	4309
1534881	29	1
1539190	35	2
1539190	10	0
1539190	7	176
1539190	67	0
1539190	85	0
1539190	86	0
1539190	29	6
1543190	35	2
1543190	8	176
1543190	9	0
1543190	34	3329
1543190	29	1
1546519	35	2
1546519	10	0
1546519	7	177
1546519	67	0
1546519	85	0
1546519	86	0
1546519	29	6
1550519	35	2
1550519	8	177
1550519	9	0
1550519	34	3626
1550519	29	1
1554145	35	2
1554145	10	0
1554145	7	178
1554145	67	0
1554145	85	0
1554145	86	0
1554145	29	6
1558145	35	2
1558145	8	178
1558145	9	0
1558145	34	4434
1558145	29	1
1562579	35	2
1562579	10	0
1562579	7	179
1562579	67	0
1562579	85	0
1562579	86	0
1562579	29	6
1566579	35	2
1566579	8	179
1566579	9	0
1566579	34	4365
1566579	29	1
1570944	35	2
1570944	10	0
1570944	7	180
1570944	67	0
1570944	85	0
1570944	86	0
1570944	29	6
1574944	35	2
1574944	8	180
1574944	9	0
1574944	34	3785
1574944	29	1
1578729	35	2
1578729	10	0
1578729	7	181
1578729	67	0
1578729	85	0
1578729	86	0
1578729	29	6
1582729	35	2
1582729	8	181
1582729	9	0
1582729	34	3075
1582729	29	1
1585804	35	2
1585804	10	0
1585804	7	182
1585804	67	0
1585804	85	0
1585804	86	0
1585804	29	6
1589804	35	2
1589804	8	182
1589804	9	0
1589804	34	4123
1589804	29	1
1593927	35	2
1593927	10	0
1593927	7	183
1593927	67	0
1593927	85	0
1593927	86	0
1593927	29	6
1597927	35	2
1597927	8	183
1597927	9	0
1597927	34	4080
1597927	29	1
1602007	35	2
1602007	10	0
1602007	7	184
1602007	67	0
1602007	85	0
1602007	86	0
1602007	29	6
1606007	35	2
1606007	8	184
1606007	9	0
1606007	34	4267
1606007	29	1
1610274	35	2
1610274	10	0
1610274	7	185
1610274	67	0
1610274	85	0
1610274	86	0
1610274	29	6
1614274	35	2
1614274	8	185
1614274	9	0
1614274	34	4666
1614274	29	1
1618940	35	2
1618940	10	0
1618940	7	186
1618940	67	0
1618940	85	0
1618940	86	0
1618940	29	6
1622940	35	2
1622940	8	186
1622940	9	0
1622940	34	3109
1622940	29	1
1626049	35	2
1626049	10	0
1626049	7	187
1626049	67	0
1626049	85	0
1626049	86	0
1626049	29	6
1630049	35	2
1630049	8	187
1630049	9	0
1630049	34	3526
1630049	29	1
1633575	35	2
1633575	10	0
1633575	7	188
1633575	67	0
1633575	85	0
1633575	86	0
1633575	29	6
1637575	35	2
1637575	8	188
1637575	9	0
1637575	34	3958
1637575	29	1
1641533	35	2
1641533	10	0
1641533	7	189
1641533	67	0
1641533	85	0
1641533	86	0
1641533	29	6
1645533	35	2
1645533	8	189
1645533	9	0
1645533	34	3904
1645533	29	1
1649437	35	2
1649437	10	0
1649437	7	190
1649437	67	0
1649437	85	0
1649437	86	0
1649437	29	6
1653437	35	2
1653437	8	190
1653437	9	0
1653437	34	4505
1653437	29	1
1657942	35	2
1657942	10	0
1657942	7	191
1657942	67	0
1657942	85	0
1657942	86	0
1657942	29	6
1661942	35	2
1661942	8	191
1661942	9	0
1661942	34	4175
1661942	29	1
1666117	35	2
1666117	10	0
1666117	7	192
1666117	67	0
1666117	85	0
1666117	86	0
1666117	29	6
1670117	35	2
1670117	8	192
1670117	9	0
1670117	34	3514
1670117	29	1
1672805	13	155
1672965	13	158
1673597	13	159
1673631	35	2
1673631	10	0
1673631	7	193
1673631	67	0
1673631	85	0
1673631	86	0
1673631	29	6
1674875	13	153
1674875	14	0
1674875	15	31
1674875	29	8
1678875	35	2
1678875	8	193
1678875	9	0
1678875	34	4068
1678875	29	1
1682944	35	2
1682944	10	0
1682944	7	194
1682944	67	0
1682944	85	0
1682944	86	0
1682944	29	6
1686944	35	2
1686944	8	194
1686944	9	0
1686944	34	4015
1686944	29	1
1690959	35	2
1690959	10	0
1690959	7	195
1690959	67	0
1690959	85	0
1690959	86	0
1690959	29	6
1694301	13	151
1694301	14	0
1694301	15	31
1694301	29	8
1695354	13	160
1696333	13	167
1696495	13	152
1698301	35	2
1698301	8	195
1698301	9	0
1698301	34	4269
1698301	29	1
1700236	13	162
1702571	35	2
1702571	10	0
1702571	7	196
1702571	67	0
1702571	85	0
1702571	86	0
1702571	29	6
1706469	13	153
1706469	14	0
1706469	15	31
1706469	29	8
1710469	35	2
1710469	8	196
1710469	9	0
1710469	34	4158
1710469	29	1
1711770	13	159
1711922	13	158
1712052	13	157
1712162	13	168
1714627	35	2
1714627	10	0
1714627	7	197
1714627	67	0
1714627	85	0
1714627	86	0
1714627	29	6
1717988	13	153
1717988	14	0
1717988	15	31
1717988	29	8
1721988	35	2
1721988	8	197
1721988	9	0
1721988	34	3380
1721988	29	1
1725368	35	2
1725368	10	0
1725368	7	198
1725368	67	0
1725368	85	0
1725368	86	0
1725368	29	6
1729368	35	2
1729368	8	198
1729368	9	0
1729368	34	3295
1729368	29	1
1732663	35	2
1732663	10	0
1732663	7	199
1732663	67	0
1732663	85	0
1732663	86	0
1732663	29	6
1736663	35	2
1736663	8	199
1736663	9	0
1736663	34	3422
1736663	29	1
1737655	13	154
1737825	13	164
1739207	13	160
1739458	13	153
1740085	35	2
1740085	10	0
1740085	7	200
1740085	67	0
1740085	85	0
1740085	86	0
1740085	29	6
1744086	35	2
1744086	8	200
1744086	9	0
1744086	34	4219
1744086	29	1
1748305	35	2
1748305	10	0
1748305	7	201
1748305	67	0
1748305	85	0
1748305	86	0
1748305	29	6
1752305	35	2
1752305	8	201
1752305	9	0
1752305	34	3748
1752305	29	1
1756053	35	2
1756053	10	0
1756053	7	202
1756053	67	0
1756053	85	0
1756053	86	0
1756053	29	6
1759312	13	160
1759312	14	0
1759312	15	31
1759312	29	8
1763312	35	2
1763312	8	202
1763312	9	0
1763312	34	4524
1763312	29	1
1767836	35	2
1767836	10	0
1767836	7	203
1767836	67	0
1767836	85	0
1767836	86	0
1767836	29	6
1771836	35	2
1771836	8	203
1771836	9	0
1771836	34	3753
1771836	29	1
1775589	35	2
1775589	10	0
1775589	7	204
1775589	67	0
1775589	85	0
1775589	86	0
1775589	29	6
1779589	35	2
1779589	8	204
1779589	9	0
1779589	34	3607
1779589	29	1
1783196	35	2
1783196	10	0
1783196	7	205
1783196	67	0
1783196	85	0
1783196	86	0
1783196	29	6
1787196	35	2
1787196	8	205
1787196	9	0
1787196	34	4645
1787196	29	1
1791841	35	2
1791841	10	0
1791841	7	206
1791841	67	0
1791841	85	0
1791841	86	0
1791841	29	6
1795841	35	2
1795841	8	206
1795841	9	0
1795841	34	4919
1795841	29	1
1800760	35	2
1800760	10	0
1800760	7	207
1800760	67	0
1800760	85	0
1800760	86	0
1800760	29	6
1804760	35	2
1804760	8	207
1804760	9	0
1804760	34	3773
1804760	29	1
1808533	35	2
1808533	10	0
1808533	7	208
1808533	67	0
1808533	85	0
1808533	86	0
1808533	29	6
1812533	35	2
1812533	8	208
1812533	9	0
1812533	34	4738
1812533	29	1
1817271	35	2
1817271	10	0
1817271	7	209
1817271	67	0
1817271	85	0
1817271	86	0
1817271	29	6
1820364	13	160
1820364	14	0
1820364	15	31
1820364	29	8
1822641	13	151
1822814	13	154
1824364	35	2
1824364	8	209
1824364	9	0
1824364	34	3744
1824364	29	1
1828108	35	2
1828108	10	0
1828108	7	210
1828108	67	0
1828108	85	0
1828108	86	0
1828108	29	6
1832108	35	2
1832108	8	210
1832108	9	0
1832108	34	4616
1832108	29	1
1835372	13	151
1835522	13	156
1835653	13	161
1835988	13	153
1836131	13	151
1836316	13	151
1836463	13	159
1836617	13	158
1836724	35	2
1836724	10	0
1836724	7	211
1836724	67	0
1836724	85	0
1836724	86	0
1836724	29	6
1840724	35	2
1840724	8	211
1840724	9	0
1840724	34	4934
1840724	29	1
1842985	13	167
1843160	13	161
1843358	13	158
1843494	13	172
1843675	13	156
1843821	13	164
1845413	13	155
1845586	13	166
1845658	35	2
1845658	10	0
1845658	7	212
1845658	67	0
1845658	85	0
1845658	86	0
1845658	29	6
1845804	13	165
1845804	14	0
1845804	15	31
1845804	29	8
1849804	35	2
1849804	8	212
1849804	9	0
1849804	34	3553
1849804	29	1
1853357	35	2
1853357	10	0
1853357	7	213
1853357	67	0
1853357	85	0
1853357	86	0
1853357	29	6
1855626	13	161
1855626	14	0
1855626	15	31
1855626	29	8
1857587	13	153
1858149	13	170
1858307	13	156
1858491	13	153
1859627	35	2
1859627	8	213
1859627	9	0
1859627	34	4808
1859627	29	1
1861498	13	155
1861638	13	161
1861787	13	168
1861989	13	153
1864435	35	2
1864435	10	0
1864435	7	214
1864435	67	0
1864435	85	0
1864435	86	0
1864435	29	6
1865427	13	157
1865427	14	0
1865427	15	31
1865427	29	8
1869427	35	2
1869427	8	214
1869427	9	0
1869427	34	3476
1869427	29	1
1871663	13	156
1871800	13	170
1871947	13	153
1872070	13	157
1872335	13	151
1872487	13	176
1872903	35	2
1872903	10	0
1872903	7	215
1872903	67	0
1872903	85	0
1872903	86	0
1872903	29	6
1875172	13	153
1875172	14	0
1875172	15	31
1875172	29	8
1879172	35	2
1879172	8	215
1879172	9	0
1879172	34	4922
1879172	29	1
1880429	13	152
1880609	13	160
1880758	13	155
1880884	13	177
1881012	13	163
1881149	13	172
1881325	13	162
1881484	13	163
1881814	13	166
1881998	13	156
1882171	13	156
1882311	13	171
1884094	35	2
1884094	10	0
1884094	7	216
1884094	67	0
1884094	85	0
1884094	86	0
1884094	29	6
1884149	13	155
1884149	14	0
1884149	15	31
1884149	29	8
1888149	35	2
1888149	8	216
1888149	9	0
1888149	34	4498
1888149	29	1
1892647	35	2
1892647	10	0
1892647	7	217
1892647	67	0
1892647	85	0
1892647	86	0
1892647	29	6
1896647	35	2
1896647	8	217
1896647	9	0
1896647	34	4287
1896647	29	1
1896793	13	158
1896921	13	157
1897080	13	159
1897207	13	156
1900934	35	2
1900934	10	0
1900934	7	218
1900934	67	0
1900934	85	0
1900934	86	0
1900934	29	6
1904934	35	2
1904934	8	218
1904934	9	0
1904934	34	3837
1904934	29	1
1908771	35	2
1908771	10	0
1908771	7	219
1908771	67	0
1908771	85	0
1908771	86	0
1908771	29	6
1911674	13	157
1911674	14	0
1911674	15	31
1911674	29	8
1913728	13	161
1913905	13	159
1914015	13	159
1914183	13	158
1915674	35	2
1915674	8	219
1915674	9	0
1915674	34	4184
1915674	29	1
1919858	35	2
1919858	10	0
1919858	7	220
1919858	67	0
1919858	85	0
1919858	86	0
1919858	29	6
1921528	13	161
1921528	14	0
1921528	15	31
1921528	29	8
1925528	35	2
1925528	8	220
1925528	9	0
1925528	34	3964
1925528	29	1
1929492	35	2
1929492	10	0
1929492	7	221
1929492	67	0
1929492	85	0
1929492	86	0
1929492	29	6
1929573	13	163
1929573	14	0
1929573	15	31
1929573	29	8
1933573	35	2
1933573	8	221
1933573	9	0
1933573	34	3934
1933573	29	1
1935283	13	159
1935654	13	151
1937232	13	162
1937507	35	2
1937507	10	0
1937507	7	222
1937507	67	0
1937507	85	0
1937507	86	0
1937507	29	6
1940588	13	157
1940588	14	0
1940588	15	31
1940588	29	8
1943156	13	170
1943443	13	155
1943604	13	168
1943751	13	153
1943901	13	154
1944588	35	2
1944588	8	222
1944588	9	0
1944588	34	4375
1944588	29	1
1945364	13	163
1945512	13	172
1948963	35	2
1948963	10	0
1948963	7	223
1948963	67	0
1948963	85	0
1948963	86	0
1948963	29	6
1952963	35	2
1952963	8	223
1952963	9	0
1952963	34	3131
1952963	29	1
1955468	13	153
1955602	13	174
1955775	13	156
1956094	35	2
1956094	10	0
1956094	7	224
1956094	67	0
1956094	85	0
1956094	86	0
1956094	29	6
1956115	13	168
1956115	14	0
1956115	15	31
1956115	29	8
1959886	13	160
1960024	13	151
1960115	35	2
1960115	8	224
1960115	9	0
1960115	34	3110
1960115	29	1
1960133	13	178
1960283	13	160
1960757	13	151
1963225	35	2
1963225	10	0
1963225	7	225
1963225	67	0
1963225	85	0
1963225	86	0
1963225	29	6
1964150	13	159
1964150	14	0
1964150	15	31
1964150	29	8
1967247	13	164
1967412	13	153
1968150	35	2
1968150	8	225
1968150	9	0
1968150	34	3599
1968150	29	1
1971511	13	155
1971639	13	166
1971749	35	2
1971749	10	0
1971749	7	226
1971749	67	0
1971749	85	0
1971749	86	0
1971749	29	6
1971798	13	154
1971798	14	0
1971798	15	31
1971798	29	8
1974605	13	161
1974745	13	160
1974897	13	183
1975798	35	2
1975798	8	226
1975798	9	0
1975798	34	3797
1975798	29	1
1976887	13	160
1977071	13	157
1977239	13	171
1977503	13	153
1979595	35	2
1979595	10	0
1979595	7	227
1979595	67	0
1979595	85	0
1979595	86	0
1979595	29	6
1980646	13	167
1980646	14	0
1980646	15	31
1980646	29	8
1981821	13	164
1981949	13	151
1984646	35	2
1984646	8	227
1984646	9	0
1984646	34	4564
1984646	29	1
1989210	35	2
1989210	10	0
1989210	7	228
1989210	67	0
1989210	85	0
1989210	86	0
1989210	29	6
1993210	35	2
1993210	8	228
1993210	9	0
1993210	34	3190
1993210	29	1
1996400	35	2
1996400	10	0
1996400	7	229
1996400	67	0
1996400	85	0
1996400	86	0
1996400	29	6
2000400	35	2
2000400	8	229
2000400	9	0
2000400	34	4847
2000400	29	1
2005248	35	2
2005248	10	0
2005248	7	230
2005248	67	0
2005248	85	0
2005248	86	0
2005248	29	6
2006163	13	159
2006163	14	0
2006163	15	31
2006163	29	8
2007555	13	165
2007767	13	155
2008053	13	170
2009441	13	166
2009640	13	154
2010163	35	2
2010163	8	230
2010163	9	0
2010163	34	4453
2010163	29	1
2014616	35	2
2014616	10	0
2014616	7	231
2014616	67	0
2014616	85	0
2014616	86	0
2014616	29	6
2018616	35	2
2018616	8	231
2018616	9	0
2018616	34	3889
2018616	29	1
2019954	13	155
2020109	13	165
2020291	13	151
2020451	13	163
2022215	13	154
2022393	13	169
2022505	35	2
2022505	10	0
2022505	7	232
2022505	67	0
2022505	85	0
2022505	86	0
2022505	29	6
2026505	35	2
2026505	8	232
2026505	9	0
2026505	34	4444
2026505	29	1
2029400	13	156
2029589	13	157
2029981	13	151
2030171	13	163
2030949	35	2
2030949	10	0
2030949	7	233
2030949	67	0
2030949	85	0
2030949	86	0
2030949	29	6
2034876	13	152
2034876	14	0
2034876	15	31
2034876	29	8
2035972	13	153
2036141	13	156
2036247	13	182
2036385	13	151
2036539	13	153
2037256	13	153
2037449	13	165
2038876	35	2
2038876	8	233
2038876	9	0
2038876	34	3704
2038876	29	1
2042580	35	2
2042580	10	0
2042580	7	234
2042580	67	0
2042580	85	0
2042580	86	0
2042580	29	6
2043949	13	162
2043949	14	0
2043949	15	31
2043949	29	8
2047949	35	2
2047949	8	234
2047949	9	0
2047949	34	3796
2047949	29	1
2051745	35	2
2051745	10	0
2051745	7	235
2051745	67	0
2051745	85	0
2051745	86	0
2051745	29	6
2054451	13	152
2054451	14	0
2054451	15	31
2054451	29	8
2058451	35	2
2058451	8	235
2058451	9	0
2058451	34	4860
2058451	29	1
2062901	13	161
2063265	13	153
2063311	35	2
2063311	10	0
2063311	7	236
2063311	67	0
2063311	85	0
2063311	86	0
2063311	29	6
2063386	13	160
2063386	14	0
2063386	15	31
2063386	29	8
2067386	35	2
2067386	8	236
2067386	9	0
2067386	34	3472
2067386	29	1
2070858	35	2
2070858	10	0
2070858	7	237
2070858	67	0
2070858	85	0
2070858	86	0
2070858	29	6
2073224	13	164
2073224	14	0
2073224	15	31
2073224	29	8
2074663	13	175
2077224	35	2
2077224	8	237
2077224	9	0
2077224	34	4776
2077224	29	1
2080726	13	153
2080883	13	169
2082000	35	2
2082000	10	0
2082000	7	238
2082000	67	0
2082000	85	0
2082000	86	0
2082000	29	6
2086000	35	2
2086000	8	238
2086000	9	0
2086000	34	3451
2086000	29	1
2089451	35	2
2089451	10	0
2089451	7	239
2089451	67	0
2089451	85	0
2089451	86	0
2089451	29	6
2090947	13	154
2090947	14	0
2090947	15	31
2090947	29	8
2094947	35	2
2094947	8	239
2094947	9	0
2094947	34	3454
2094947	29	1
2098401	35	2
2098401	10	0
2098401	7	240
2098401	67	0
2098401	85	0
2098401	86	0
2098401	29	6
2098942	13	151
2098942	14	0
2098942	15	31
2098942	29	8
2102942	35	2
2102942	8	240
2102942	9	0
2102942	34	3296
2102942	29	1
2103734	13	160
2104157	13	158
2106238	35	2
2106238	10	0
2106238	7	241
2106238	67	0
2106238	85	0
2106238	86	0
2106238	29	6
2110238	35	2
2110238	8	241
2110238	9	0
2110238	34	3543
2110238	29	1
2113781	35	2
2113781	10	0
2113781	7	242
2113781	67	0
2113781	85	0
2113781	86	0
2113781	29	6
2117781	35	2
2117781	8	242
2117781	9	0
2117781	34	3155
2117781	29	1
2120936	35	2
2120936	10	0
2120936	7	243
2120936	67	0
2120936	85	0
2120936	86	0
2120936	29	6
2124936	35	2
2124936	8	243
2124936	9	0
2124936	34	4605
2124936	29	1
2129541	35	2
2129541	10	0
2129541	7	244
2129541	67	0
2129541	85	0
2129541	86	0
2129541	29	6
2133541	35	2
2133541	8	244
2133541	9	0
2133541	34	3838
2133541	29	1
2137379	35	2
2137379	10	0
2137379	7	245
2137379	67	0
2137379	85	0
2137379	86	0
2137379	29	6
2141379	35	2
2141379	8	245
2141379	9	0
2141379	34	3554
2141379	29	1
2144933	35	2
2144933	10	0
2144933	7	246
2144933	67	0
2144933	85	0
2144933	86	0
2144933	29	6
2148933	35	2
2148933	8	246
2148933	9	0
2148933	34	4664
2148933	29	1
2153597	35	2
2153597	10	0
2153597	7	247
2153597	67	0
2153597	85	0
2153597	86	0
2153597	29	6
2157597	35	2
2157597	8	247
2157597	9	0
2157597	34	3862
2157597	29	1
2161459	35	2
2161459	10	0
2161459	7	248
2161459	67	0
2161459	85	0
2161459	86	0
2161459	29	6
2165459	35	2
2165459	8	248
2165459	9	0
2165459	34	3554
2165459	29	1
2169013	35	2
2169013	10	0
2169013	7	249
2169013	67	0
2169013	85	0
2169013	86	0
2169013	29	6
2173014	35	2
2173014	8	249
2173014	9	0
2173014	34	3681
2173014	29	1
2176695	35	2
2176695	10	0
2176695	7	250
2176695	67	0
2176695	85	0
2176695	86	0
2176695	29	6
2180695	35	2
2180695	8	250
2180695	9	0
2180695	34	4012
2180695	29	1
2184707	35	2
2184707	10	0
2184707	7	251
2184707	67	0
2184707	85	0
2184707	86	0
2184707	29	6
2188707	35	2
2188707	8	251
2188707	9	0
2188707	34	4374
2188707	29	1
2193081	35	2
2193081	10	0
2193081	7	252
2193081	67	0
2193081	85	0
2193081	86	0
2193081	29	6
2197081	35	2
2197081	8	252
2197081	9	0
2197081	34	3733
2197081	29	1
2200814	35	2
2200814	10	0
2200814	7	253
2200814	67	0
2200814	85	0
2200814	86	0
2200814	29	6
2201927	13	152
2201927	14	0
2201927	15	31
2201927	29	8
2203397	13	157
2203662	13	152
2205927	35	2
2205927	8	253
2205927	9	0
2205927	34	4606
2205927	29	1
2210533	35	2
2210533	10	0
2210533	7	254
2210533	67	0
2210533	85	0
2210533	86	0
2210533	29	6
2214533	35	2
2214533	8	254
2214533	9	0
2214533	34	3038
2214533	29	1
2217571	35	2
2217571	10	0
2217571	7	255
2217571	67	0
2217571	85	0
2217571	86	0
2217571	29	6
2221571	35	2
2221571	8	255
2221571	9	0
2221571	34	3293
2221571	29	1
2224864	35	2
2224864	10	0
2224864	7	256
2224864	67	0
2224864	85	0
2224864	86	0
2224864	29	6
2225377	13	165
2225377	14	0
2225377	15	31
2225377	29	8
2226531	13	162
2226838	13	163
2229377	35	2
2229377	8	256
2229377	9	0
2229377	34	4773
2229377	29	1
2234150	35	2
2234150	10	0
2234150	7	257
2234150	67	0
2234150	85	0
2234150	86	0
2234150	29	6
2238150	35	2
2238150	8	257
2238150	9	0
2238150	34	3764
2238150	29	1
2241914	35	2
2241914	10	0
2241914	7	258
2241914	67	0
2241914	85	0
2241914	86	0
2241914	29	6
2245914	35	2
2245914	8	258
2245914	9	0
2245914	34	3218
2245914	29	1
2249132	35	2
2249132	10	0
2249132	7	259
2249132	67	0
2249132	85	0
2249132	86	0
2249132	29	6
2249264	13	159
2249264	14	0
2249264	15	31
2249264	29	8
2253264	35	2
2253264	8	259
2253264	9	0
2253264	34	4254
2253264	29	1
2257518	35	2
2257518	10	0
2257518	7	260
2257518	67	0
2257518	85	0
2257518	86	0
2257518	29	6
2261518	35	2
2261518	8	260
2261518	9	0
2261518	34	3553
2261518	29	1
2265071	35	2
2265071	10	0
2265071	7	261
2265071	67	0
2265071	85	0
2265071	86	0
2265071	29	6
2266336	13	151
2266336	14	0
2266336	15	31
2266336	29	8
2270336	35	2
2270336	8	261
2270336	9	0
2270336	34	3554
2270336	29	1
2271149	13	151
2271414	13	153
2272671	13	160
2273890	35	2
2273890	10	0
2273890	7	262
2273890	67	0
2273890	85	0
2273890	86	0
2273890	29	6
2277890	35	2
2277890	8	262
2277890	9	0
2277890	34	4205
2277890	29	1
2282095	35	2
2282095	10	0
2282095	7	263
2282095	67	0
2282095	85	0
2282095	86	0
2282095	29	6
2286095	35	2
2286095	8	263
2286095	9	0
2286095	34	3082
2286095	29	1
2289177	35	2
2289177	10	0
2289177	7	264
2289177	67	0
2289177	85	0
2289177	86	0
2289177	29	6
2293177	35	2
2293177	8	264
2293177	9	0
2293177	34	3313
2293177	29	1
2296491	35	2
2296491	10	0
2296491	7	265
2296491	67	0
2296491	85	0
2296491	86	0
2296491	29	6
2300491	35	2
2300491	8	265
2300491	9	0
2300491	34	4703
2300491	29	1
2305195	35	2
2305195	10	0
2305195	7	266
2305195	67	0
2305195	85	0
2305195	86	0
2305195	29	6
2309195	35	2
2309195	8	266
2309195	9	0
2309195	34	3050
2309195	29	1
2312245	35	2
2312245	10	0
2312245	7	267
2312245	67	0
2312245	85	0
2312245	86	0
2312245	29	6
2316246	35	2
2316246	8	267
2316246	9	0
2316246	34	4688
2316246	29	1
2320934	35	2
2320934	10	0
2320934	7	268
2320934	67	0
2320934	85	0
2320934	86	0
2320934	29	6
2324934	35	2
2324934	8	268
2324934	9	0
2324934	34	3443
2324934	29	1
2328377	35	2
2328377	10	0
2328377	7	269
2328377	67	0
2328377	85	0
2328377	86	0
2328377	29	6
2332377	35	2
2332377	8	269
2332377	9	0
2332377	34	3936
2332377	29	1
2336313	35	2
2336313	10	0
2336313	7	270
2336313	67	0
2336313	85	0
2336313	86	0
2336313	29	6
2340313	35	2
2340313	8	270
2340313	9	0
2340313	34	4733
2340313	29	1
2345046	35	2
2345046	10	0
2345046	7	271
2345046	67	0
2345046	85	0
2345046	86	0
2345046	29	6
2349046	35	2
2349046	8	271
2349046	9	0
2349046	34	4364
2349046	29	1
2353410	35	2
2353410	10	0
2353410	7	272
2353410	67	0
2353410	85	0
2353410	86	0
2353410	29	6
2357410	35	2
2357410	8	272
2357410	9	0
2357410	34	3251
2357410	29	1
2357999	13	151
2358150	13	153
2358298	13	151
2359282	13	160
2360662	35	2
2360662	10	0
2360662	7	273
2360662	67	0
2360662	85	0
2360662	86	0
2360662	29	6
2364662	35	2
2364662	8	273
2364662	9	0
2364662	34	3526
2364662	29	1
2368188	35	2
2368188	10	0
2368188	7	274
2368188	67	0
2368188	85	0
2368188	86	0
2368188	29	6
2372188	35	2
2372188	8	274
2372188	9	0
2372188	34	3579
2372188	29	1
2375767	35	2
2375767	10	0
2375767	7	275
2375767	67	0
2375767	85	0
2375767	86	0
2375767	29	6
2379767	35	2
2379767	8	275
2379767	9	0
2379767	34	3578
2379767	29	1
2383345	35	2
2383345	10	0
2383345	7	276
2383345	67	0
2383345	85	0
2383345	86	0
2383345	29	6
2387345	35	2
2387345	8	276
2387345	9	0
2387345	34	4406
2387345	29	1
2391751	35	2
2391751	10	0
2391751	7	277
2391751	67	0
2391751	85	0
2391751	86	0
2391751	29	6
2395751	35	2
2395751	8	277
2395751	9	0
2395751	34	3447
2395751	29	1
2399198	35	2
2399198	10	0
2399198	7	278
2399198	67	0
2399198	85	0
2399198	86	0
2399198	29	6
2403198	35	2
2403198	8	278
2403198	9	0
2403198	34	4919
2403198	29	1
2408117	35	2
2408117	10	0
2408117	7	279
2408117	67	0
2408117	85	0
2408117	86	0
2408117	29	6
2412118	35	2
2412118	8	279
2412118	9	0
2412118	34	4894
2412118	29	1
2417012	35	2
2417012	10	0
2417012	7	280
2417012	67	0
2417012	85	0
2417012	86	0
2417012	29	6
2419111	13	159
2419111	14	0
2419111	15	31
2419111	29	8
2420331	13	163
2421508	13	153
2421704	13	171
2423111	35	2
2423111	8	280
2423111	9	0
2423111	34	4497
2423111	29	1
2427608	35	2
2427608	10	0
2427608	7	281
2427608	67	0
2427608	85	0
2427608	86	0
2427608	29	6
2431147	13	151
2431147	14	0
2431147	15	31
2431147	29	8
2435147	35	2
2435147	8	281
2435147	9	0
2435147	34	3629
2435147	29	1
2435534	13	171
2435692	13	158
2435807	13	175
2437988	13	156
2438776	35	2
2438776	10	0
2438776	7	282
2438776	67	0
2438776	85	0
2438776	86	0
2438776	29	6
2442776	35	2
2442776	8	282
2442776	9	0
2442776	34	4491
2442776	29	1
2447267	35	2
2447267	10	0
2447267	7	283
2447267	67	0
2447267	85	0
2447267	86	0
2447267	29	6
2451267	35	2
2451267	8	283
2451267	9	0
2451267	34	4891
2451267	29	1
2456158	35	2
2456158	10	0
2456158	7	284
2456158	67	0
2456158	85	0
2456158	86	0
2456158	29	6
2458674	13	153
2458674	14	0
2458674	15	31
2458674	29	8
2462674	35	2
2462674	8	284
2462674	9	0
2462674	34	3018
2462674	29	1
2464275	13	155
2465692	35	2
2465692	10	0
2465692	7	285
2465692	67	0
2465692	85	0
2465692	86	0
2465692	29	6
2469692	35	2
2469692	8	285
2469692	9	0
2469692	34	4686
2469692	29	1
2474378	35	2
2474378	10	0
2474378	7	286
2474378	67	0
2474378	85	0
2474378	86	0
2474378	29	6
2478379	35	2
2478379	8	286
2478379	9	0
2478379	34	4523
2478379	29	1
2482902	35	2
2482902	10	0
2482902	7	287
2482902	67	0
2482902	85	0
2482902	86	0
2482902	29	6
2486902	35	2
2486902	8	287
2486902	9	0
2486902	34	3249
2486902	29	1
2490151	35	2
2490151	10	0
2490151	7	288
2490151	67	0
2490151	85	0
2490151	86	0
2490151	29	6
2494151	35	2
2494151	8	288
2494151	9	0
2494151	34	3753
2494151	29	1
2497904	35	2
2497904	10	0
2497904	7	289
2497904	67	0
2497904	85	0
2497904	86	0
2497904	29	6
2501904	35	2
2501904	8	289
2501904	9	0
2501904	34	3517
2501904	29	1
2505421	35	2
2505421	10	0
2505421	7	290
2505421	67	0
2505421	85	0
2505421	86	0
2505421	29	6
2509421	35	2
2509421	8	290
2509421	9	0
2509421	34	3636
2509421	29	1
2513057	35	2
2513057	10	0
2513057	7	291
2513057	67	0
2513057	85	0
2513057	86	0
2513057	29	6
2517057	35	2
2517057	8	291
2517057	9	0
2517057	34	3848
2517057	29	1
2520905	35	2
2520905	10	0
2520905	7	292
2520905	67	0
2520905	85	0
2520905	86	0
2520905	29	6
2524905	35	2
2524905	8	292
2524905	9	0
2524905	34	4679
2524905	29	1
2529584	35	2
2529584	10	0
2529584	7	293
2529584	67	0
2529584	85	0
2529584	86	0
2529584	29	6
2533584	35	2
2533584	8	293
2533584	9	0
2533584	34	3091
2533584	29	1
2534258	13	154
2536675	35	2
2536675	10	0
2536675	7	294
2536675	67	0
2536675	85	0
2536675	86	0
2536675	29	6
2540675	35	2
2540675	8	294
2540675	9	0
2540675	34	4451
2540675	29	1
2545126	35	2
2545126	10	0
2545126	7	295
2545126	67	0
2545126	85	0
2545126	86	0
2545126	29	6
2549126	35	2
2549126	8	295
2549126	9	0
2549126	34	4012
2549126	29	1
2553138	35	2
2553138	10	0
2553138	7	296
2553138	67	0
2553138	85	0
2553138	86	0
2553138	29	6
2557138	35	2
2557138	8	296
2557138	9	0
2557138	34	3790
2557138	29	1
2559139	13	163
2559298	13	158
2559660	13	151
2559814	13	156
2559955	13	174
2560928	35	2
2560928	10	0
2560928	7	297
2560928	67	0
2560928	85	0
2560928	86	0
2560928	29	6
2561321	13	154
2561321	14	0
2561321	15	31
2561321	29	8
2565321	35	2
2565321	8	297
2565321	9	0
2565321	34	4183
2565321	29	1
2568943	13	154
2569085	13	166
2569272	13	162
2569422	13	161
2569504	35	2
2569504	10	0
2569504	7	298
2569504	67	0
2569504	85	0
2569504	86	0
2569504	29	6
2569837	13	151
2569837	14	0
2569837	15	31
2569837	29	8
2573837	35	2
2573837	8	298
2573837	9	0
2573837	34	4125
2573837	29	1
2577963	35	2
2577963	10	0
2577963	7	299
2577963	67	0
2577963	85	0
2577963	86	0
2577963	29	6
2581963	35	2
2581963	8	299
2581963	9	0
2581963	34	4809
2581963	29	1
2586772	35	2
2586772	10	0
2586772	7	300
2586772	67	0
2586772	85	0
2586772	86	0
2586772	29	6
2590772	35	2
2590772	8	300
2590772	9	0
2590772	34	4529
2590772	29	1
2595301	35	2
2595301	10	0
2595301	7	301
2595301	67	0
2595301	85	0
2595301	86	0
2595301	29	6
2599228	13	159
2599228	14	0
2599228	15	31
2599228	29	8
2601174	13	160
2601456	13	173
2602786	13	167
2603228	35	2
2603228	8	301
2603228	9	0
2603228	34	4642
2603228	29	1
2607870	35	2
2607870	10	0
2607870	7	302
2607870	67	0
2607870	85	0
2607870	86	0
2607870	29	6
2611870	35	2
2611870	8	302
2611870	9	0
2611870	34	4585
2611870	29	1
2616455	35	2
2616455	10	0
2616455	7	303
2616455	67	0
2616455	85	0
2616455	86	0
2616455	29	6
2619388	13	160
2619388	14	0
2619388	15	31
2619388	29	8
2623157	13	160
2623338	13	151
2623388	35	2
2623388	8	303
2623388	9	0
2623388	34	4795
2623388	29	1
2624851	13	159
2625033	13	153
2625256	13	162
2628183	35	2
2628183	10	0
2628183	7	304
2628183	67	0
2628183	85	0
2628183	86	0
2628183	29	6
2632183	35	2
2632183	8	304
2632183	9	0
2632183	34	4377
2632183	29	1
2636560	35	2
2636560	10	0
2636560	7	305
2636560	67	0
2636560	85	0
2636560	86	0
2636560	29	6
2636722	13	158
2636722	14	0
2636722	15	31
2636722	29	8
2640722	35	2
2640722	8	305
2640722	9	0
2640722	34	4171
2640722	29	1
2643018	13	159
2644893	35	2
2644893	10	0
2644893	7	306
2644893	67	0
2644893	85	0
2644893	86	0
2644893	29	6
2648486	13	155
2648486	14	0
2648486	15	31
2648486	29	8
2652486	35	2
2652486	8	306
2652486	9	0
2652486	34	3777
2652486	29	1
2656263	35	2
2656263	10	0
2656263	7	307
2656263	67	0
2656263	85	0
2656263	86	0
2656263	29	6
2660263	35	2
2660263	8	307
2660263	9	0
2660263	34	3720
2660263	29	1
2663983	35	2
2663983	10	0
2663983	7	308
2663983	67	0
2663983	85	0
2663983	86	0
2663983	29	6
2667983	35	2
2667983	8	308
2667983	9	0
2667983	34	3481
2667983	29	1
2671464	35	2
2671464	10	0
2671464	7	309
2671464	67	0
2671464	85	0
2671464	86	0
2671464	29	6
2675464	35	2
2675464	8	309
2675464	9	0
2675464	34	4414
2675464	29	1
2679878	35	2
2679878	10	0
2679878	7	310
2679878	67	0
2679878	85	0
2679878	86	0
2679878	29	6
2683878	35	2
2683878	8	310
2683878	9	0
2683878	34	4058
2683878	29	1
2687936	35	2
2687936	10	0
2687936	7	311
2687936	67	0
2687936	85	0
2687936	86	0
2687936	29	6
2691936	35	2
2691936	8	311
2691936	9	0
2691936	34	3132
2691936	29	1
2694920	13	154
2695068	35	2
2695068	10	0
2695068	7	312
2695068	67	0
2695068	85	0
2695068	86	0
2695068	29	6
2695089	13	153
2695089	14	0
2695089	15	31
2695089	29	8
2699089	35	2
2699089	8	312
2699089	9	0
2699089	34	3896
2699089	29	1
2702985	35	2
2702985	10	0
2702985	7	313
2702985	67	0
2702985	85	0
2702985	86	0
2702985	29	6
2704481	13	156
2704481	14	0
2704481	15	31
2704481	29	8
2705534	13	151
2707418	13	154
2708481	35	2
2708481	8	313
2708481	9	0
2708481	34	4301
2708481	29	1
2709885	13	151
2712782	35	2
2712782	10	0
2712782	7	314
2712782	67	0
2712782	85	0
2712782	86	0
2712782	29	6
2713059	13	163
2713059	14	0
2713059	15	31
2713059	29	8
2717059	35	2
2717059	8	314
2717059	9	0
2717059	34	4915
2717059	29	1
2718189	13	164
2719684	13	161
2719860	13	158
2719986	13	166
2721454	13	153
2721974	35	2
2721974	10	0
2721974	7	315
2721974	67	0
2721974	85	0
2721974	86	0
2721974	29	6
2725974	35	2
2725974	8	315
2725974	9	0
2725974	34	3731
2725974	29	1
2727707	13	159
2728420	13	161
2729705	35	2
2729705	10	0
2729705	7	316
2729705	67	0
2729705	85	0
2729705	86	0
2729705	29	6
2733705	35	2
2733705	8	316
2733705	9	0
2733705	34	4233
2733705	29	1
2735468	13	153
2735611	13	157
2735799	13	156
2737938	35	2
2737938	10	0
2737938	7	317
2737938	67	0
2737938	85	0
2737938	86	0
2737938	29	6
2740691	13	154
2740691	14	0
2740691	15	31
2740691	29	8
2744691	35	2
2744691	8	317
2744691	9	0
2744691	34	4534
2744691	29	1
2749225	35	2
2749225	10	0
2749225	7	318
2749225	67	0
2749225	85	0
2749225	86	0
2749225	29	6
2753225	35	2
2753225	8	318
2753225	9	0
2753225	34	3193
2753225	29	1
2756418	35	2
2756418	10	0
2756418	7	319
2756418	67	0
2756418	85	0
2756418	86	0
2756418	29	6
2760418	35	2
2760418	8	319
2760418	9	0
2760418	34	3466
2760418	29	1
2763884	35	2
2763884	10	0
2763884	7	320
2763884	67	0
2763884	85	0
2763884	86	0
2763884	29	6
2767884	35	2
2767884	8	320
2767884	9	0
2767884	34	4107
2767884	29	1
2768635	13	153
2768922	13	165
2769178	13	165
2769337	13	175
2769497	13	155
2770648	13	167
2770836	13	151
2771330	13	156
2771540	13	153
2771991	35	2
2771991	10	0
2771991	7	321
2771991	67	0
2771991	85	0
2771991	86	0
2771991	29	6
2775015	13	160
2775015	14	0
2775015	15	31
2775015	29	8
2779015	35	2
2779015	8	321
2779015	9	0
2779015	34	3389
2779015	29	1
2782404	35	2
2782404	10	0
2782404	7	322
2782404	67	0
2782404	85	0
2782404	86	0
2782404	29	6
2784704	13	161
2784704	14	0
2784704	15	31
2784704	29	8
2788704	35	2
2788704	8	322
2788704	9	0
2788704	34	3840
2788704	29	1
2792544	35	2
2792544	10	0
2792544	7	323
2792544	67	0
2792544	85	0
2792544	86	0
2792544	29	6
2796544	35	2
2796544	8	323
2796544	9	0
2796544	34	4305
2796544	29	1
2800849	35	2
2800849	10	0
2800849	7	324
2800849	67	0
2800849	85	0
2800849	86	0
2800849	29	6
2804849	35	2
2804849	8	324
2804849	9	0
2804849	34	4679
2804849	29	1
2807451	13	156
2807855	13	154
2808013	13	163
2808281	13	170
2808588	13	151
2809528	35	2
2809528	10	0
2809528	7	325
2809528	67	0
2809528	85	0
2809528	86	0
2809528	29	6
2810746	13	158
2810746	14	0
2810746	15	31
2810746	29	8
2814746	35	2
2814746	8	325
2814746	9	0
2814746	34	4949
2814746	29	1
2817501	13	164
2817643	13	152
2817772	13	154
2817916	13	160
2818082	13	157
2819695	35	2
2819695	10	0
2819695	7	326
2819695	67	0
2819695	85	0
2819695	86	0
2819695	29	6
2823695	35	2
2823695	8	326
2823695	9	0
2823695	34	3218
2823695	29	1
2824599	13	154
2824764	13	165
2826711	13	156
2826886	13	167
2826913	35	2
2826913	10	0
2826913	7	327
2826913	67	0
2826913	85	0
2826913	86	0
2826913	29	6
2827234	13	154
2827234	14	0
2827234	15	31
2827234	29	8
2831234	35	2
2831234	8	327
2831234	9	0
2831234	34	4734
2831234	29	1
2835968	35	2
2835968	10	0
2835968	7	328
2835968	67	0
2835968	85	0
2835968	86	0
2835968	29	6
2837405	13	171
2837405	14	0
2837405	15	31
2837405	29	8
2841405	35	2
2841405	8	328
2841405	9	0
2841405	34	3780
2841405	29	1
2842846	13	158
2843132	13	161
2845185	35	2
2845185	10	0
2845185	7	329
2845185	67	0
2845185	85	0
2845185	86	0
2845185	29	6
2846571	13	151
2846571	14	0
2846571	15	31
2846571	29	8
2850571	35	2
2850571	8	329
2850571	9	0
2850571	34	4846
2850571	29	1
2855417	35	2
2855417	10	0
2855417	7	330
2855417	67	0
2855417	85	0
2855417	86	0
2855417	29	6
2856624	13	162
2856624	14	0
2856624	15	31
2856624	29	8
2860624	35	2
2860624	8	330
2860624	9	0
2860624	34	4429
2860624	29	1
2860657	13	157
2860934	13	154
2861058	13	169
2861215	13	152
2861347	13	170
2862942	13	155
2863104	13	161
2865053	35	2
2865053	10	0
2865053	7	331
2865053	67	0
2865053	85	0
2865053	86	0
2865053	29	6
2869053	35	2
2869053	8	331
2869053	9	0
2869053	34	4621
2869053	29	1
2873674	35	2
2873674	10	0
2873674	7	332
2873674	67	0
2873674	85	0
2873674	86	0
2873674	29	6
2877674	35	2
2877674	8	332
2877674	9	0
2877674	34	4372
2877674	29	1
2882046	35	2
2882046	10	0
2882046	7	333
2882046	67	0
2882046	85	0
2882046	86	0
2882046	29	6
2884221	13	155
2884221	14	0
2884221	15	31
2884221	29	8
2888221	35	2
2888221	8	333
2888221	9	0
2888221	34	3773
2888221	29	1
2888650	13	153
2891994	35	2
2891994	10	0
2891994	7	334
2891994	67	0
2891994	85	0
2891994	86	0
2891994	29	6
2895994	35	2
2895994	8	334
2895994	9	0
2895994	34	4880
2895994	29	1
2900874	35	2
2900874	10	0
2900874	7	335
2900874	67	0
2900874	85	0
2900874	86	0
2900874	29	6
2904875	35	2
2904875	8	335
2904875	9	0
2904875	34	4251
2904875	29	1
2909126	35	2
2909126	10	0
2909126	7	336
2909126	67	0
2909126	85	0
2909126	86	0
2909126	29	6
2913126	35	2
2913126	8	336
2913126	9	0
2913126	34	4886
2913126	29	1
2918012	35	2
2918012	10	0
2918012	7	337
2918012	67	0
2918012	85	0
2918012	86	0
2918012	29	6
2922012	35	2
2922012	8	337
2922012	9	0
2922012	34	3669
2922012	29	1
2925681	35	2
2925681	10	0
2925681	7	338
2925681	67	0
2925681	85	0
2925681	86	0
2925681	29	6
2929681	35	2
2929681	8	338
2929681	9	0
2929681	34	3534
2929681	29	1
2933215	35	2
2933215	10	0
2933215	7	339
2933215	67	0
2933215	85	0
2933215	86	0
2933215	29	6
2937216	35	2
2937216	8	339
2937216	9	0
2937216	34	3010
2937216	29	1
2940226	35	2
2940226	10	0
2940226	7	340
2940226	67	0
2940226	85	0
2940226	86	0
2940226	29	6
2944226	35	2
2944226	8	340
2944226	9	0
2944226	34	3988
2944226	29	1
2948214	35	2
2948214	10	0
2948214	7	341
2948214	67	0
2948214	85	0
2948214	86	0
2948214	29	6
2952214	35	2
2952214	8	341
2952214	9	0
2952214	34	3238
2952214	29	1
2955452	35	2
2955452	10	0
2955452	7	342
2955452	67	0
2955452	85	0
2955452	86	0
2955452	29	6
2959452	35	2
2959452	8	342
2959452	9	0
2959452	34	4279
2959452	29	1
2963731	35	2
2963731	10	0
2963731	7	343
2963731	67	0
2963731	85	0
2963731	86	0
2963731	29	6
2966142	13	158
2966142	14	0
2966142	15	31
2966142	29	8
2970142	35	2
2970142	8	343
2970142	9	0
2970142	34	3936
2970142	29	1
2974078	35	2
2974078	10	0
2974078	7	344
2974078	67	0
2974078	85	0
2974078	86	0
2974078	29	6
2978078	35	2
2978078	8	344
2978078	9	0
2978078	34	4283
2978078	29	1
2982361	35	2
2982361	10	0
2982361	7	345
2982361	67	0
2982361	85	0
2982361	86	0
2982361	29	6
2982642	13	164
2982642	14	0
2982642	15	31
2982642	29	8
2986369	13	160
2986642	35	2
2986642	8	345
2986642	9	0
2986642	34	4713
2986642	29	1
2986646	13	166
2989739	13	159
2989914	13	155
2991355	35	2
2991355	10	0
2991355	7	346
2991355	67	0
2991355	85	0
2991355	86	0
2991355	29	6
2995355	35	2
2995355	8	346
2995355	9	0
2995355	34	4887
2995355	29	1
3000242	35	2
3000242	10	0
3000242	7	347
3000242	67	0
3000242	85	0
3000242	86	0
3000242	29	6
3004242	35	2
3004242	8	347
3004242	9	0
3004242	34	4384
3004242	29	1
3008626	35	2
3008626	10	0
3008626	7	348
3008626	67	0
3008626	85	0
3008626	86	0
3008626	29	6
3012626	35	2
3012626	8	348
3012626	9	0
3012626	34	3470
3012626	29	1
3012927	13	159
3013080	13	158
3013457	13	157
3016096	35	2
3016096	10	0
3016096	7	349
3016096	67	0
3016096	85	0
3016096	86	0
3016096	29	6
3017503	13	154
3017503	14	0
3017503	15	31
3017503	29	8
3020081	13	157
3020281	13	151
3021503	35	2
3021503	8	349
3021503	9	0
3021503	34	3148
3021503	29	1
3024651	35	2
3024651	10	0
3024651	7	350
3024651	67	0
3024651	85	0
3024651	86	0
3024651	29	6
3028651	35	2
3028651	8	350
3028651	9	0
3028651	34	4966
3028651	29	1
3033617	35	2
3033617	10	0
3033617	7	351
3033617	67	0
3033617	85	0
3033617	86	0
3033617	29	6
3037617	35	2
3037617	8	351
3037617	9	0
3037617	34	4964
3037617	29	1
3042581	35	2
3042581	10	0
3042581	7	352
3042581	67	0
3042581	85	0
3042581	86	0
3042581	29	6
3046581	35	2
3046581	8	352
3046581	9	0
3046581	34	4946
3046581	29	1
3051527	35	2
3051527	10	0
3051527	7	353
3051527	67	0
3051527	85	0
3051527	86	0
3051527	29	6
3055527	35	2
3055527	8	353
3055527	9	0
3055527	34	4992
3055527	29	1
3060519	35	2
3060519	10	0
3060519	7	354
3060519	67	0
3060519	85	0
3060519	86	0
3060519	29	6
3064519	35	2
3064519	8	354
3064519	9	0
3064519	34	4252
3064519	29	1
3068771	35	2
3068771	10	0
3068771	7	355
3068771	67	0
3068771	85	0
3068771	86	0
3068771	29	6
3072771	35	2
3072771	8	355
3072771	9	0
3072771	34	4492
3072771	29	1
3077263	35	2
3077263	10	0
3077263	7	356
3077263	67	0
3077263	85	0
3077263	86	0
3077263	29	6
3081263	35	2
3081263	8	356
3081263	9	0
3081263	34	4356
3081263	29	1
3085469	13	157
3085619	35	2
3085619	10	0
3085619	7	357
3085619	67	0
3085619	85	0
3085619	86	0
3085619	29	6
3085637	13	154
3085637	14	0
3085637	15	31
3085637	29	8
3087014	13	162
3089637	35	2
3089637	8	357
3089637	9	0
3089637	34	3032
3089637	29	1
3092669	35	2
3092669	10	0
3092669	7	358
3092669	67	0
3092669	85	0
3092669	86	0
3092669	29	6
3096669	35	2
3096669	8	358
3096669	9	0
3096669	34	4946
3096669	29	1
3099796	13	152
3099952	13	162
3100138	13	157
3101615	35	2
3101615	10	0
3101615	7	359
3101615	67	0
3101615	85	0
3101615	86	0
3101615	29	6
3105615	35	2
3105615	8	359
3105615	9	0
3105615	34	4365
3105615	29	1
3109980	35	2
3109980	10	0
3109980	7	360
3109980	67	0
3109980	85	0
3109980	86	0
3109980	29	6
3110032	13	153
3110032	14	0
3110032	15	31
3110032	29	8
3111190	13	153
3114032	35	2
3114032	8	360
3114032	9	0
3114032	34	4878
3114032	29	1
3118910	35	2
3118910	10	0
3118910	7	361
3118910	67	0
3118910	85	0
3118910	86	0
3118910	29	6
3122910	35	2
3122910	8	361
3122910	9	0
3122910	34	3352
3122910	29	1
3124062	13	158
3124196	13	166
3124362	13	152
3124493	13	162
3126262	35	2
3126262	10	0
3126262	7	362
3126262	67	0
3126262	85	0
3126262	86	0
3126262	29	6
3129668	13	154
3129668	14	0
3129668	15	31
3129668	29	8
3133668	35	2
3133668	8	362
3133668	9	0
3133668	34	4232
3133668	29	1
3135611	13	151
3135779	13	152
3136449	13	162
3137900	35	2
3137900	10	0
3137900	7	363
3137900	67	0
3137900	85	0
3137900	86	0
3137900	29	6
3141900	35	2
3141900	8	363
3141900	9	0
3141900	34	3422
3141900	29	1
3145322	35	2
3145322	10	0
3145322	7	364
3145322	67	0
3145322	85	0
3145322	86	0
3145322	29	6
3149322	35	2
3149322	8	364
3149322	9	0
3149322	34	3669
3149322	29	1
3152991	35	2
3152991	10	0
3152991	7	365
3152991	67	0
3152991	85	0
3152991	86	0
3152991	29	6
3156992	35	2
3156992	8	365
3156992	9	0
3156992	34	4065
3156992	29	1
3161057	35	2
3161057	10	0
3161057	7	366
3161057	67	0
3161057	85	0
3161057	86	0
3161057	29	6
3165057	35	2
3165057	8	366
3165057	9	0
3165057	34	3469
3165057	29	1
3168526	35	2
3168526	10	0
3168526	7	367
3168526	67	0
3168526	85	0
3168526	86	0
3168526	29	6
3172048	13	159
3172048	14	0
3172048	15	31
3172048	29	8
3176048	35	2
3176048	8	367
3176048	9	0
3176048	34	3488
3176048	29	1
3179536	35	2
3179536	10	0
3179536	7	368
3179536	67	0
3179536	85	0
3179536	86	0
3179536	29	6
3183536	35	2
3183536	8	368
3183536	9	0
3183536	34	3161
3183536	29	1
3183736	13	153
3183896	13	158
3184017	13	161
3186697	35	2
3186697	10	0
3186697	7	369
3186697	67	0
3186697	85	0
3186697	86	0
3186697	29	6
3190697	35	2
3190697	8	369
3190697	9	0
3190697	34	3957
3190697	29	1
3194654	35	2
3194654	10	0
3194654	7	370
3194654	67	0
3194654	85	0
3194654	86	0
3194654	29	6
3198654	35	2
3198654	8	370
3198654	9	0
3198654	34	3189
3198654	29	1
3199263	13	157
3199409	13	163
3199581	13	152
3201843	35	2
3201843	10	0
3201843	7	371
3201843	67	0
3201843	85	0
3201843	86	0
3201843	29	6
3205843	35	2
3205843	8	371
3205843	9	0
3205843	34	3353
3205843	29	1
3206052	13	156
3206231	13	160
3209196	35	2
3209196	10	0
3209196	7	372
3209196	67	0
3209196	85	0
3209196	86	0
3209196	29	6
3209374	13	151
3209374	14	0
3209374	15	31
3209374	29	8
3211777	13	154
3211934	13	155
3213374	35	2
3213374	8	372
3213374	9	0
3213374	34	3177
3213374	29	1
3216551	35	2
3216551	10	0
3216551	7	373
3216551	67	0
3216551	85	0
3216551	86	0
3216551	29	6
3220551	35	2
3220551	8	373
3220551	9	0
3220551	34	4664
3220551	29	1
3221089	13	162
3221263	13	162
3221583	13	163
3221735	13	159
3221902	13	152
3222088	13	166
3222345	13	162
3222515	13	176
3222714	13	156
3222865	13	173
3223484	13	162
3223724	13	151
3223852	13	156
3225216	35	2
3225216	10	0
3225216	7	374
3225216	67	0
3225216	85	0
3225216	86	0
3225216	29	6
3229216	35	2
3229216	8	374
3229216	9	0
3229216	34	3365
3229216	29	1
3229671	13	161
3229832	13	180
3230021	13	163
3230202	13	157
3230338	13	164
3232581	35	2
3232581	10	0
3232581	7	375
3232581	67	0
3232581	85	0
3232581	86	0
3232581	29	6
3236581	35	2
3236581	8	375
3236581	9	0
3236581	34	4473
3236581	29	1
3241054	35	2
3241054	10	0
3241054	7	376
3241054	67	0
3241054	85	0
3241054	86	0
3241054	29	6
3242300	13	158
3242300	14	0
3242300	15	31
3242300	29	8
3243338	13	151
3243585	13	173
3243724	13	172
3243869	13	151
3244007	13	163
3246300	35	2
3246300	8	376
3246300	9	0
3246300	34	3304
3246300	29	1
3248161	13	163
3248330	13	168
3248525	13	151
3248773	13	157
3249604	35	2
3249604	10	0
3249604	7	377
3249604	67	0
3249604	85	0
3249604	86	0
3249604	29	6
3253604	35	2
3253604	8	377
3253604	9	0
3253604	34	3365
3253604	29	1
3256969	35	2
3256969	10	0
3256969	7	378
3256969	67	0
3256969	85	0
3256969	86	0
3256969	29	6
3259657	13	153
3259657	14	0
3259657	15	31
3259657	29	8
3260801	13	155
3263657	35	2
3263657	8	378
3263657	9	0
3263657	34	3852
3263657	29	1
3266039	13	155
3266156	13	168
3266304	13	153
3266460	13	162
3266588	13	171
3266770	13	164
3267509	35	2
3267509	10	0
3267509	7	379
3267509	67	0
3267509	85	0
3267509	86	0
3267509	29	6
3269374	13	160
3269374	14	0
3269374	15	31
3269374	29	8
3273374	35	2
3273374	8	379
3273374	9	0
3273374	34	4726
3273374	29	1
3278100	35	2
3278100	10	0
3278100	7	380
3278100	67	0
3278100	85	0
3278100	86	0
3278100	29	6
3282100	35	2
3282100	8	380
3282100	9	0
3282100	34	3692
3282100	29	1
3285792	35	2
3285792	10	0
3285792	7	381
3285792	67	0
3285792	85	0
3285792	86	0
3285792	29	6
3289792	35	2
3289792	8	381
3289792	9	0
3289792	34	4679
3289792	29	1
3294471	35	2
3294471	10	0
3294471	7	382
3294471	67	0
3294471	85	0
3294471	86	0
3294471	29	6
3298471	35	2
3298471	8	382
3298471	9	0
3298471	34	3125
3298471	29	1
3301596	35	2
3301596	10	0
3301596	7	383
3301596	67	0
3301596	85	0
3301596	86	0
3301596	29	6
3305596	35	2
3305596	8	383
3305596	9	0
3305596	34	3050
3305596	29	1
3308646	35	2
3308646	10	0
3308646	7	384
3308646	67	0
3308646	85	0
3308646	86	0
3308646	29	6
3312646	35	2
3312646	8	384
3312646	9	0
3312646	34	4587
3312646	29	1
3317233	35	2
3317233	10	0
3317233	7	385
3317233	67	0
3317233	85	0
3317233	86	0
3317233	29	6
3321233	35	2
3321233	8	385
3321233	9	0
3321233	34	3963
3321233	29	1
3325196	35	2
3325196	10	0
3325196	7	386
3325196	67	0
3325196	85	0
3325196	86	0
3325196	29	6
3329196	35	2
3329196	8	386
3329196	9	0
3329196	34	4045
3329196	29	1
3333241	35	2
3333241	10	0
3333241	7	387
3333241	67	0
3333241	85	0
3333241	86	0
3333241	29	6
3337241	35	2
3337241	8	387
3337241	9	0
3337241	34	4708
3337241	29	1
3341949	35	2
3341949	10	0
3341949	7	388
3341949	67	0
3341949	85	0
3341949	86	0
3341949	29	6
3345949	35	2
3345949	8	388
3345949	9	0
3345949	34	3584
3345949	29	1
3347896	13	165
3348165	13	164
3348300	13	169
3348422	13	158
3348567	13	160
3348698	13	157
3349533	35	2
3349533	10	0
3349533	7	389
3349533	67	0
3349533	85	0
3349533	86	0
3349533	29	6
3351810	13	164
3351810	14	0
3351810	15	31
3351810	29	8
3352848	13	154
3353641	13	172
3353829	13	157
3355810	35	2
3355810	8	389
3355810	9	0
3355810	34	4028
3355810	29	1
3359838	35	2
3359838	10	0
3359838	7	390
3359838	67	0
3359838	85	0
3359838	86	0
3359838	29	6
3362110	13	154
3362110	14	0
3362110	15	31
3362110	29	8
3363365	13	152
3363495	13	168
3366110	35	2
3366110	8	390
3366110	9	0
3366110	34	4864
3366110	29	1
3370974	35	2
3370974	10	0
3370974	7	391
3370974	67	0
3370974	85	0
3370974	86	0
3370974	29	6
3374974	35	2
3374974	8	391
3374974	9	0
3374974	34	4171
3374974	29	1
3379145	35	2
3379145	10	0
3379145	7	392
3379145	67	0
3379145	85	0
3379145	86	0
3379145	29	6
3383145	35	2
3383145	8	392
3383145	9	0
3383145	34	4994
3383145	29	1
3388139	35	2
3388139	10	0
3388139	7	393
3388139	67	0
3388139	85	0
3388139	86	0
3388139	29	6
3389479	13	153
3389479	14	0
3389479	15	31
3389479	29	8
3393479	35	2
3393479	8	393
3393479	9	0
3393479	34	4301
3393479	29	1
3393893	13	159
3394060	13	161
3394312	13	162
3397780	35	2
3397780	10	0
3397780	7	394
3397780	67	0
3397780	85	0
3397780	86	0
3397780	29	6
3401780	35	2
3401780	8	394
3401780	9	0
3401780	34	3003
3401780	29	1
3404783	35	2
3404783	10	0
3404783	7	395
3404783	67	0
3404783	85	0
3404783	86	0
3404783	29	6
3408783	35	2
3408783	8	395
3408783	9	0
3408783	34	4999
3408783	29	1
3413782	35	2
3413782	10	0
3413782	7	396
3413782	67	0
3413782	85	0
3413782	86	0
3413782	29	6
3417782	35	2
3417782	8	396
3417782	9	0
3417782	34	3823
3417782	29	1
3421605	35	2
3421605	10	0
3421605	7	397
3421605	67	0
3421605	85	0
3421605	86	0
3421605	29	6
3423346	13	153
3423346	14	0
3423346	15	31
3423346	29	8
3427346	35	2
3427346	8	397
3427346	9	0
3427346	34	3249
3427346	29	1
3430595	35	2
3430595	10	0
3430595	7	398
3430595	67	0
3430595	85	0
3430595	86	0
3430595	29	6
3434595	35	2
3434595	8	398
3434595	9	0
3434595	34	3587
3434595	29	1
3438182	35	2
3438182	10	0
3438182	7	399
3438182	67	0
3438182	85	0
3438182	86	0
3438182	29	6
3442182	35	2
3442182	8	399
3442182	9	0
3442182	34	3363
3442182	29	1
3445163	13	162
3445410	13	167
3445545	35	2
3445545	10	0
3445545	7	400
3445545	67	0
3445545	85	0
3445545	86	0
3445545	29	6
3445551	13	516
3445551	14	0
3445551	15	31
3445551	29	8
3448792	13	158
3448937	13	167
3449073	13	169
3449202	13	161
3449347	13	162
3449551	35	2
3449551	8	400
3449551	9	0
3449551	34	4275
3449551	29	1
3450541	13	162
3450708	13	156
3453826	35	2
3453826	10	0
3453826	7	401
3453826	67	0
3453826	85	0
3453826	86	0
3453826	29	6
3457826	35	2
3457826	8	401
3457826	9	0
3457826	34	4890
3457826	29	1
3462716	35	2
3462716	10	0
3462716	7	402
3462716	67	0
3462716	85	0
3462716	86	0
3462716	29	6
3466716	35	2
3466716	8	402
3466716	9	0
3466716	34	4319
3466716	29	1
3471035	35	2
3471035	10	0
3471035	7	403
3471035	67	0
3471035	85	0
3471035	86	0
3471035	29	6
3475035	35	2
3475035	8	403
3475035	9	0
3475035	34	3449
3475035	29	1
3478484	35	2
3478484	10	0
3478484	7	404
3478484	67	0
3478484	85	0
3478484	86	0
3478484	29	6
3482484	35	2
3482484	8	404
3482484	9	0
3482484	34	3459
3482484	29	1
3482706	13	151
3482842	13	168
3483048	13	159
3483248	13	159
3483412	13	161
3483557	13	165
3483705	13	158
3483868	13	160
3484070	13	158
3484246	13	159
3484390	13	170
3485943	35	2
3485943	10	0
3485943	7	405
3485943	67	0
3485943	85	0
3485943	86	0
3485943	29	6
3489943	35	2
3489943	8	405
3489943	9	0
3489943	34	3011
3489943	29	1
3491880	13	161
3492009	13	169
3492197	13	157
3492358	13	151
3492715	13	153
3492954	35	2
3492954	10	0
3492954	7	406
3492954	67	0
3492954	85	0
3492954	86	0
3492954	29	6
3493509	13	158
3493509	14	0
3493509	15	31
3493509	29	8
3497509	35	2
3497509	8	406
3497509	9	0
3497509	34	4832
3497509	29	1
3502341	35	2
3502341	10	0
3502341	7	407
3502341	67	0
3502341	85	0
3502341	86	0
3502341	29	6
3506341	35	2
3506341	8	407
3506341	9	0
3506341	34	4402
3506341	29	1
3510743	35	2
3510743	10	0
3510743	7	408
3510743	67	0
3510743	85	0
3510743	86	0
3510743	29	6
3514743	35	2
3514743	8	408
3514743	9	0
3514743	34	3574
3514743	29	1
3515467	13	161
3515632	13	156
3515902	13	158
3516050	13	153
3516192	13	161
3516322	13	165
3516482	13	171
3516628	13	155
3516809	13	155
3516998	13	156
3517170	13	157
3517308	13	176
3517723	13	151
3517932	13	161
3518082	13	163
3518274	13	159
3518317	35	2
3518317	10	0
3518317	7	409
3518317	67	0
3518317	85	0
3518317	86	0
3518317	29	6
3522317	35	2
3522317	8	409
3522317	9	0
3522317	34	4788
3522317	29	1
3527040	13	152
3527105	35	2
3527105	10	0
3527105	7	410
3527105	67	0
3527105	85	0
3527105	86	0
3527105	29	6
3527199	13	161
3527199	14	0
3527199	15	31
3527199	29	8
3528321	13	157
3528496	13	154
3528606	13	154
3528736	13	154
3528889	13	165
3529033	13	164
3529377	13	153
3530570	13	161
3530764	13	162
3531199	35	2
3531199	8	410
3531199	9	0
3531199	34	4803
3531199	29	1
3536002	35	2
3536002	10	0
3536002	7	411
3536002	67	0
3536002	85	0
3536002	86	0
3536002	29	6
3540002	35	2
3540002	8	411
3540002	9	0
3540002	34	4984
3540002	29	1
3540747	13	154
3540893	13	170
3541082	13	154
3541309	13	165
3541518	13	163
3541714	13	155
3541850	13	159
3542033	13	169
3542864	13	156
3544833	13	156
3544986	35	2
3544986	10	0
3544986	7	412
3544986	67	0
3544986	85	0
3544986	86	0
3544986	29	6
3544994	13	156
3544994	14	0
3544994	15	31
3544994	29	8
3546188	13	152
3546373	13	160
3548994	35	2
3548994	8	412
3548994	9	0
3548994	34	3387
3548994	29	1
3552381	35	2
3552381	10	0
3552381	7	413
3552381	67	0
3552381	85	0
3552381	86	0
3552381	29	6
3556381	35	2
3556381	8	413
3556381	9	0
3556381	34	3316
3556381	29	1
3559697	35	2
3559697	10	0
3559697	7	414
3559697	67	0
3559697	85	0
3559697	86	0
3559697	29	6
3559761	13	155
3559761	14	0
3559761	15	31
3559761	29	8
3560826	13	182
3561021	13	158
3561124	13	168
3561284	13	160
3561436	13	157
3561629	13	151
3561807	13	162
3563761	35	2
3563761	8	414
3563761	9	0
3563761	34	4472
3563761	29	1
3568233	35	2
3568233	10	0
3568233	7	415
3568233	67	0
3568233	85	0
3568233	86	0
3568233	29	6
3569598	13	153
3569598	14	0
3569598	15	31
3569598	29	8
3570641	13	157
3570947	13	162
3571111	13	155
3571262	13	152
3573598	35	2
3573598	8	415
3573598	9	0
3573598	34	3904
3573598	29	1
3574495	13	154
3574664	13	156
3574897	13	154
3575113	13	156
3575302	13	161
3577502	35	2
3577502	10	0
3577502	7	416
3577502	67	0
3577502	85	0
3577502	86	0
3577502	29	6
3581502	35	2
3581502	8	416
3581502	9	0
3581502	34	4026
3581502	29	1
3582509	13	158
3582689	13	159
3582921	13	152
3583134	13	153
3585528	35	2
3585528	10	0
3585528	7	417
3585528	67	0
3585528	85	0
3585528	86	0
3585528	29	6
3589528	35	2
3589528	8	417
3589528	9	0
3589528	34	4964
3589528	29	1
3594492	35	2
3594492	10	0
3594492	7	418
3594492	67	0
3594492	85	0
3594492	86	0
3594492	29	6
3598492	35	2
3598492	8	418
3598492	9	0
3598492	34	3373
3598492	29	1
3601865	35	2
3601865	10	0
3601865	7	419
3601865	67	0
3601865	85	0
3601865	86	0
3601865	29	6
3605865	35	2
3605865	8	419
3605865	9	0
3605865	34	4455
3605865	29	1
3609520	13	153
3609661	13	160
3609843	13	157
3610320	35	2
3610320	10	0
3610320	7	420
3610320	67	0
3610320	85	0
3610320	86	0
3610320	29	6
3614320	35	2
3614320	8	420
3614320	9	0
3614320	34	4036
3614320	29	1
3618356	35	2
3618356	10	0
3618356	7	421
3618356	67	0
3618356	85	0
3618356	86	0
3618356	29	6
3622356	35	2
3622356	8	421
3622356	9	0
3622356	34	3680
3622356	29	1
3626036	35	2
3626036	10	0
3626036	29	10
3626036	6	0
