13617	1	5
13617	5	0
13617	11	3000
13617	12	5000
13617	15	31
13617	2	600
13617	4	3600
13617	65	4000
13617	68	4000
13617	88	9
13617	9	0
13617	34	9082
13617	29	1
14423	13	160
22699	35	2
22699	10	0
22699	7	1
22699	67	0
22699	85	0
22699	86	0
22699	29	6
23967	13	152
23967	14	0
23967	15	31
23967	29	8
27967	35	2
27967	8	1
27967	9	0
27967	34	4000
27967	29	1
31649	13	154
31936	13	151
31967	35	2
31967	10	0
31967	7	2
31967	67	0
31967	85	0
31967	86	0
31967	29	6
32075	13	160
32075	14	0
32075	15	31
32075	29	8
34061	13	159
36075	35	2
36075	8	2
36075	9	0
36075	34	4318
36075	29	1
40393	35	2
40393	10	0
40393	7	3
40393	67	0
40393	85	0
40393	86	0
40393	29	6
40686	13	155
40686	14	0
40686	15	31
40686	29	8
41732	13	151
41982	13	159
42105	13	153
42228	13	160
42371	13	159
42540	13	155
42724	13	152
43072	13	159
43285	13	153
43824	13	152
43976	13	151
44181	13	155
44424	13	156
44686	35	2
44686	8	3
44686	9	0
44686	34	3376
44686	29	1
46206	13	153
48062	35	2
48062	10	0
48062	7	4
48062	67	0
48062	85	0
48062	86	0
48062	29	6
52062	35	2
52062	8	4
52062	9	0
52062	34	4948
52062	29	1
53322	13	152
53470	13	153
56947	13	153
57010	35	2
57010	10	0
57010	7	5
57010	67	0
57010	85	0
57010	86	0
57010	29	6
57122	13	151
57122	14	0
57122	15	31
57122	29	8
60236	13	156
60384	13	154
60497	13	155
60640	13	151
60779	13	158
61122	35	2
61122	8	5
61122	9	0
61122	34	4691
61122	29	1
62334	13	151
62528	13	151
63144	13	152
65813	35	2
65813	10	0
65813	7	6
65813	67	0
65813	85	0
65813	86	0
65813	29	6
66566	13	154
66566	14	0
66566	15	31
66566	29	8
68425	13	155
68563	13	156
68685	13	152
68810	13	152
68957	13	153
70091	13	159
70252	13	152
70391	13	157
70550	13	153
70566	35	2
70566	8	6
70566	9	0
70566	34	3143
70566	29	1
70797	13	153
73709	35	2
73709	10	0
73709	7	7
73709	67	0
73709	85	0
73709	86	0
73709	29	6
76690	13	154
76690	14	0
76690	15	31
76690	29	8
80690	35	2
80690	8	7
80690	9	0
80690	34	4944
80690	29	1
82203	13	174
82330	13	154
82447	13	151
82568	13	153
82698	13	152
82827	13	152
82964	13	157
83146	13	153
83278	13	163
83417	13	156
83593	13	152
85634	35	2
85634	10	0
85634	7	8
85634	67	0
85634	85	0
85634	86	0
85634	29	6
85987	13	154
85987	14	0
85987	15	31
85987	29	8
87135	13	151
87260	13	153
87392	13	155
87513	13	151
87650	13	154
87800	13	153
88008	13	153
88395	13	156
88513	13	152
88708	13	159
88898	13	166
89910	13	152
89987	35	2
89987	8	8
89987	9	0
89987	34	3279
89987	29	1
90067	13	152
90268	13	166
90498	13	153
90716	13	151
93266	35	2
93266	10	0
93266	7	9
93266	67	0
93266	85	0
93266	86	0
93266	29	6
94475	13	156
94475	14	0
94475	15	31
94475	29	8
97399	13	165
97644	13	154
97764	13	160
97895	13	152
98034	13	152
98213	13	151
98414	13	159
98475	35	2
98475	8	9
98475	9	0
98475	34	3223
98475	29	1
101698	35	2
101698	10	0
101698	7	10
101698	67	0
101698	85	0
101698	86	0
101698	29	6
103874	13	158
103874	14	0
103874	15	31
103874	29	8
105345	13	160
105477	13	154
105598	13	154
105731	13	153
105881	13	151
106031	13	151
106189	13	153
106418	13	156
106585	13	153
106710	13	159
106923	13	152
107611	13	154
107874	35	2
107874	8	10
107874	9	0
107874	34	4606
107874	29	1
107973	13	158
108118	13	163
108324	13	165
108531	13	151
108802	13	152
108934	13	166
109299	13	172
111459	13	161
111667	13	171
112480	35	2
112480	10	0
112480	7	11
112480	67	0
112480	85	0
112480	86	0
112480	29	6
116480	35	2
116480	8	11
116480	9	0
116480	34	3547
116480	29	1
117758	13	157
120027	35	2
120027	10	0
120027	7	12
120027	67	0
120027	85	0
120027	86	0
120027	29	6
123355	13	155
123355	14	0
123355	15	31
123355	29	8
127355	35	2
127355	8	12
127355	9	0
127355	34	4851
127355	29	1
129303	13	178
129432	13	156
129542	13	156
129653	13	157
129778	13	151
129912	13	154
130061	13	163
130217	13	162
130378	13	158
131058	13	152
131182	13	153
131369	13	154
131548	13	181
131695	13	163
131904	13	179
132107	13	153
132206	35	2
132206	10	0
132206	7	13
132206	67	0
132206	85	0
132206	86	0
132206	29	6
132293	13	153
132293	14	0
132293	15	31
132293	29	8
136293	35	2
136293	8	13
136293	9	0
136293	34	4611
136293	29	1
140234	13	155
140346	13	161
140460	13	154
140572	13	156
140697	13	157
140829	13	151
140904	35	2
140904	10	0
140904	7	14
140904	67	0
140904	85	0
140904	86	0
140904	29	6
140977	13	151
140977	14	0
140977	15	31
140977	29	8
143496	13	169
143612	13	158
143719	13	161
143843	13	158
143974	13	156
144102	13	157
144231	13	164
144373	13	161
144683	13	154
144841	13	153
144977	35	2
144977	8	14
144977	9	0
144977	34	3705
144977	29	1
145271	13	159
145399	13	159
145546	13	162
145763	13	163
145928	13	154
146915	13	151
147082	13	176
148682	35	2
148682	10	0
148682	7	15
148682	67	0
148682	85	0
148682	86	0
148682	29	6
149821	13	157
149821	14	0
149821	15	31
149821	29	8
151874	13	168
152012	13	163
152130	13	161
152249	13	153
152376	13	152
153675	13	159
153791	13	159
153821	35	2
153821	8	15
153821	9	0
153821	34	3347
153821	29	1
153940	13	153
157168	35	2
157168	10	0
157168	7	16
157168	67	0
157168	85	0
157168	86	0
157168	29	6
159545	13	163
159545	14	0
159545	15	31
159545	29	8
161152	13	157
161269	13	153
161370	13	159
161472	13	151
163545	35	2
163545	8	16
163545	9	0
163545	34	4778
163545	29	1
168124	13	156
168244	13	153
168323	35	2
168323	10	0
168323	7	17
168323	67	0
168323	85	0
168323	86	0
168323	29	6
168393	13	168
168393	14	0
168393	15	31
168393	29	8
172393	35	2
172393	8	17
172393	9	0
172393	34	3180
172393	29	1
174225	13	168
174441	13	163
174555	13	153
174675	13	161
174799	13	156
174931	13	152
175427	13	157
175567	13	151
175574	35	2
175574	10	0
175574	7	18
175574	67	0
175574	85	0
175574	86	0
175574	29	6
175721	13	152
175721	14	0
175721	15	31
175721	29	8
179721	35	2
179721	8	18
179721	9	0
179721	34	3806
179721	29	1
180063	13	154
180166	13	163
180276	13	160
180379	13	152
180496	13	155
180625	13	154
180793	13	158
180923	13	151
181099	13	168
183027	13	153
183165	13	157
183307	13	173
183527	35	2
183527	10	0
183527	7	19
183527	67	0
183527	85	0
183527	86	0
183527	29	6
184076	13	152
184076	14	0
184076	15	31
184076	29	8
188076	35	2
188076	8	19
188076	9	0
188076	34	4286
188076	29	1
188099	13	165
188231	13	158
188354	13	152
188483	13	162
188626	13	151
189028	13	157
192362	35	2
192362	10	0
192362	7	20
192362	67	0
192362	85	0
192362	86	0
192362	29	6
193874	13	159
193874	14	0
193874	15	31
193874	29	8
197874	35	2
197874	8	20
197874	9	0
197874	34	4393
197874	29	1
200856	13	155
201091	13	157
201213	13	156
201330	13	157
201759	13	151
201900	13	156
202267	35	2
202267	10	0
202267	7	21
202267	67	0
202267	85	0
202267	86	0
202267	29	6
203200	13	164
203200	14	0
203200	15	31
203200	29	8
204341	13	168
204449	13	183
204562	13	161
204680	13	161
204807	13	168
204977	13	152
205147	13	151
206350	13	152
207200	35	2
207200	8	21
207200	9	0
207200	34	4730
207200	29	1
208136	13	151
208282	13	159
208480	13	178
210476	13	156
210656	13	168
211930	35	2
211930	10	0
211930	7	22
211930	67	0
211930	85	0
211930	86	0
211930	29	6
215930	35	2
215930	8	22
215930	9	0
215930	34	3455
215930	29	1
216686	13	158
216820	13	152
216957	13	154
217342	13	151
219015	13	151
219143	13	164
219286	13	162
219385	35	2
219385	10	0
219385	7	23
219385	67	0
219385	85	0
219385	86	0
219385	29	6
219584	13	151
219584	14	0
219584	15	31
219584	29	8
223489	13	151
223584	35	2
223584	8	23
223584	9	0
223584	34	4894
223584	29	1
227687	13	154
227816	13	155
227935	13	151
228037	13	160
228165	13	152
228297	13	159
228457	13	162
228478	35	2
228478	10	0
228478	7	24
228478	67	0
228478	85	0
228478	86	0
228478	29	6
231928	13	156
231928	14	0
231928	15	31
231928	29	8
235229	13	155
235416	13	176
235657	13	151
235772	13	179
235892	13	151
235928	35	2
235928	8	24
235928	9	0
235928	34	3641
235928	29	1
236014	13	168
236160	13	169
236300	13	158
239569	35	2
239569	10	0
239569	7	25
239569	67	0
239569	85	0
239569	86	0
239569	29	6
240286	13	165
240286	14	0
240286	15	31
240286	29	8
241857	13	155
241976	13	161
242084	13	155
242199	13	152
242326	13	163
242468	13	153
243695	13	151
243844	13	170
244217	13	151
244286	35	2
244286	8	25
244286	9	0
244286	34	3084
244286	29	1
244365	13	151
244982	13	153
245259	13	154
246018	13	152
247370	35	2
247370	10	0
247370	7	26
247370	67	0
247370	85	0
247370	86	0
247370	29	6
251370	35	2
251370	8	26
251370	9	0
251370	34	3079
251370	29	1
251880	13	154
252017	13	171
252218	13	154
254449	35	2
254449	10	0
254449	7	27
254449	67	0
254449	85	0
254449	86	0
254449	29	6
258199	13	151
258199	14	0
258199	15	31
258199	29	8
259915	13	154
260055	13	161
260166	13	153
260282	13	162
260406	13	159
260535	13	158
261033	13	151
261210	13	156
261891	13	162
262011	13	151
262182	13	153
262199	35	2
262199	8	27
262199	9	0
262199	34	3732
262199	29	1
262908	13	153
263064	13	162
263247	13	152
265931	35	2
265931	10	0
265931	7	28
265931	67	0
265931	85	0
265931	86	0
265931	29	6
269931	35	2
269931	8	28
269931	9	0
269931	34	4659
269931	29	1
271489	13	157
271678	13	166
274590	35	2
274590	10	0
274590	7	29
274590	67	0
274590	85	0
274590	86	0
274590	29	6
275678	13	152
275678	14	0
275678	15	31
275678	29	8
277942	13	154
278069	13	156
278181	13	155
278306	13	159
278444	13	156
279678	35	2
279678	8	29
279678	9	0
279678	34	4847
279678	29	1
279920	13	154
284525	35	2
284525	10	0
284525	7	30
284525	67	0
284525	85	0
284525	86	0
284525	29	6
285604	13	160
285604	14	0
285604	15	31
285604	29	8
288197	13	169
288427	13	153
288539	13	174
288668	13	169
288796	13	163
288929	13	157
289149	13	152
289604	35	2
289604	8	30
289604	9	0
289604	34	4055
289604	29	1
289606	13	325
289746	13	153
293659	35	2
293659	10	0
293659	7	31
293659	67	0
293659	85	0
293659	86	0
293659	29	6
294363	13	156
294363	14	0
294363	15	31
294363	29	8
295444	13	177
295682	13	160
295796	13	160
295913	13	171
296053	13	164
296221	13	156
296410	13	153
297283	13	153
297422	13	164
297577	13	154
297773	13	151
298363	35	2
298363	8	31
298363	9	0
298363	34	4410
298363	29	1
298734	13	156
298847	13	152
299227	13	151
301683	13	155
302644	13	153
302773	35	2
302773	10	0
302773	7	32
302773	67	0
302773	85	0
302773	86	0
302773	29	6
302799	13	162
302799	14	0
302799	15	31
302799	29	8
306799	35	2
306799	8	32
306799	9	0
306799	34	4282
306799	29	1
311081	35	2
311081	10	0
311081	7	33
311081	67	0
311081	85	0
311081	86	0
311081	29	6
315081	35	2
315081	8	33
315081	9	0
315081	34	3992
315081	29	1
316549	13	154
316670	13	153
316774	13	158
316897	13	156
317027	13	153
318720	13	158
318869	13	159
319073	35	2
319073	10	0
319073	7	34
319073	67	0
319073	85	0
319073	86	0
319073	29	6
320083	13	169
320083	14	0
320083	15	31
320083	29	8
321179	13	154
321341	13	152
321455	13	153
321577	13	157
322088	13	153
324083	35	2
324083	8	34
324083	9	0
324083	34	4037
324083	29	1
324556	13	164
324706	13	155
328120	35	2
328120	10	0
328120	7	35
328120	67	0
328120	85	0
328120	86	0
328120	29	6
329214	13	153
329214	14	0
329214	15	31
329214	29	8
333214	35	2
333214	8	35
333214	9	0
333214	34	3888
333214	29	1
337102	35	2
337102	10	0
337102	7	36
337102	67	0
337102	85	0
337102	86	0
337102	29	6
339850	13	151
339850	14	0
339850	15	31
339850	29	8
341432	13	155
341568	13	151
341683	13	160
341812	13	159
341939	13	153
342072	13	153
342233	13	171
342393	13	154
343059	13	156
343204	13	153
343351	13	151
343827	13	156
343851	35	2
343851	8	36
343851	9	0
343851	34	4936
343851	29	1
345195	13	151
345357	13	152
345499	13	159
345701	13	151
345885	13	163
348787	35	2
348787	10	0
348787	7	37
348787	67	0
348787	85	0
348787	86	0
348787	29	6
348983	13	156
348983	14	0
348983	15	31
348983	29	8
352983	35	2
352983	8	37
352983	9	0
352983	34	3706
352983	29	1
356689	35	2
356689	10	0
356689	7	38
356689	67	0
356689	85	0
356689	86	0
356689	29	6
358533	13	182
358533	14	0
358533	15	31
358533	29	8
360598	13	165
360732	13	155
360839	13	156
361077	13	158
361213	13	165
361356	13	163
362533	35	2
362533	8	38
362533	9	0
362533	34	4210
362533	29	1
363481	13	157
363592	13	151
363769	13	152
364103	13	155
364976	13	156
365104	13	153
365511	13	153
366216	13	155
366443	13	155
366743	35	2
366743	10	0
366743	7	39
366743	67	0
366743	85	0
366743	86	0
366743	29	6
370621	13	160
370621	14	0
370621	15	31
370621	29	8
374621	35	2
374621	8	39
374621	9	0
374621	34	3650
374621	29	1
376970	13	153
377092	13	157
377187	13	161
377298	13	153
377414	13	154
377573	13	158
377740	13	153
378271	35	2
378271	10	0
378271	7	40
378271	67	0
378271	85	0
378271	86	0
378271	29	6
378497	13	152
378497	14	0
378497	15	31
378497	29	8
380207	13	163
380340	13	155
380451	13	152
380576	13	167
380723	13	151
380852	13	160
381309	13	161
381659	13	154
382297	13	156
382461	13	153
382497	35	2
382497	8	40
382497	9	0
382497	34	3741
382497	29	1
386238	35	2
386238	10	0
386238	7	41
386238	67	0
386238	85	0
386238	86	0
386238	29	6
387026	13	160
387026	14	0
387026	15	31
387026	29	8
388143	13	155
388293	13	154
388416	13	153
388550	13	162
388689	13	159
389199	13	152
389360	13	156
391026	35	2
391026	8	41
391026	9	0
391026	34	3016
391026	29	1
392679	13	154
394042	35	2
394042	10	0
394042	7	42
394042	67	0
394042	85	0
394042	86	0
394042	29	6
398042	35	2
398042	8	42
398042	9	0
398042	34	3360
398042	29	1
401402	35	2
401402	10	0
401402	7	43
401402	67	0
401402	85	0
401402	86	0
401402	29	6
401665	13	162
401665	14	0
401665	15	31
401665	29	8
405665	35	2
405665	8	43
405665	9	0
405665	34	3834
405665	29	1
408012	13	158
408130	13	162
408236	13	159
408359	13	157
408488	13	151
408844	13	155
408977	13	154
409499	35	2
409499	10	0
409499	7	44
409499	67	0
409499	85	0
409499	86	0
409499	29	6
413499	35	2
413499	8	44
413499	9	0
413499	34	4473
413499	29	1
414659	13	156
414839	13	155
417972	35	2
417972	10	0
417972	7	45
417972	67	0
417972	85	0
417972	86	0
417972	29	6
421972	35	2
421972	8	45
421972	9	0
421972	34	3318
421972	29	1
422886	13	156
423054	13	151
424470	13	151
425290	35	2
425290	10	0
425290	7	46
425290	67	0
425290	85	0
425290	86	0
425290	29	6
429290	35	2
429290	8	46
429290	9	0
429290	34	3170
429290	29	1
430658	13	159
430780	13	153
430941	13	154
431082	13	156
432460	35	2
432460	10	0
432460	7	47
432460	67	0
432460	85	0
432460	86	0
432460	29	6
436460	35	2
436460	8	47
436460	9	0
436460	34	4665
436460	29	1
438707	13	157
438852	13	161
441059	13	151
441125	35	2
441125	10	0
441125	7	48
441125	67	0
441125	85	0
441125	86	0
441125	29	6
441179	13	158
441179	14	0
441179	15	31
441179	29	8
442309	13	152
442474	13	151
442598	13	164
443597	13	158
443774	13	152
444677	13	151
445179	35	2
445179	8	48
445179	9	0
445179	34	4154
445179	29	1
449333	35	2
449333	10	0
449333	7	49
449333	67	0
449333	85	0
449333	86	0
449333	29	6
453334	35	2
453334	8	49
453334	9	0
453334	34	4254
453334	29	1
454235	13	163
457588	35	2
457588	10	0
457588	7	50
457588	67	0
457588	85	0
457588	86	0
457588	29	6
461173	13	158
461173	14	0
461173	15	31
461173	29	8
465173	35	2
465173	8	50
465173	9	0
465173	34	3935
465173	29	1
468226	13	168
468363	13	153
468476	13	155
468599	13	157
468728	13	157
468882	13	156
469108	35	2
469108	10	0
469108	7	51
469108	67	0
469108	85	0
469108	86	0
469108	29	6
469938	13	156
469938	14	0
469938	15	31
469938	29	8
472946	13	154
473082	13	155
473192	13	154
473317	13	151
473443	13	165
473938	35	2
473938	8	51
473938	9	0
473938	34	4120
473938	29	1
474043	13	153
474199	13	152
475079	13	162
477372	13	159
477509	13	153
478058	35	2
478058	10	0
478058	7	52
478058	67	0
478058	85	0
478058	86	0
478058	29	6
478482	13	151
478482	14	0
478482	15	31
478482	29	8
480097	13	156
480274	13	155
480395	13	151
482482	35	2
482482	8	52
482482	9	0
482482	34	3818
482482	29	1
486300	35	2
486300	10	0
486300	7	53
486300	67	0
486300	85	0
486300	86	0
486300	29	6
490300	35	2
490300	8	53
490300	9	0
490300	34	3404
490300	29	1
491751	13	152
491866	13	154
491994	13	156
493704	35	2
493704	10	0
493704	7	54
493704	67	0
493704	85	0
493704	86	0
493704	29	6
497141	13	151
497141	14	0
497141	15	31
497141	29	8
501141	35	2
501141	8	54
501141	9	0
501141	34	3358
501141	29	1
501409	13	170
501535	13	153
501650	13	153
501779	13	159
501905	13	152
502391	13	155
502578	13	160
502760	13	151
502916	13	164
504499	35	2
504499	10	0
504499	7	55
504499	67	0
504499	85	0
504499	86	0
504499	29	6
506598	13	153
506598	14	0
506598	15	31
506598	29	8
507823	13	151
507956	13	153
508082	13	151
508226	13	152
508685	13	161
510598	35	2
510598	8	55
510598	9	0
510598	34	3401
510598	29	1
511471	13	166
511618	13	152
513999	35	2
513999	10	0
513999	7	56
513999	67	0
513999	85	0
513999	86	0
513999	29	6
517999	35	2
517999	8	56
517999	9	0
517999	34	3099
517999	29	1
521098	35	2
521098	10	0
521098	7	57
521098	67	0
521098	85	0
521098	86	0
521098	29	6
521654	13	152
521654	14	0
521654	15	31
521654	29	8
522819	13	179
522963	13	156
523067	13	158
523177	13	151
524185	13	158
525028	13	157
525654	35	2
525654	8	57
525654	9	0
525654	34	4486
525654	29	1
528050	13	159
528187	13	152
530140	35	2
530140	10	0
530140	7	58
530140	67	0
530140	85	0
530140	86	0
530140	29	6
534140	35	2
534140	8	58
534140	9	0
534140	34	4634
534140	29	1
538774	35	2
538774	10	0
538774	7	59
538774	67	0
538774	85	0
538774	86	0
538774	29	6
539281	13	161
539281	14	0
539281	15	31
539281	29	8
541646	13	168
541776	13	166
541881	13	155
541995	13	165
542127	13	153
543281	35	2
543281	8	59
543281	9	0
543281	34	3366
543281	29	1
543850	13	151
543990	13	153
544147	13	153
544900	13	154
545042	13	168
545208	13	160
545845	13	155
546647	35	2
546647	10	0
546647	7	60
546647	67	0
546647	85	0
546647	86	0
546647	29	6
550647	35	2
550647	8	60
550647	9	0
550647	34	3577
550647	29	1
552257	13	160
554224	35	2
554224	10	0
554224	7	61
554224	67	0
554224	85	0
554224	86	0
554224	29	6
558224	35	2
558224	8	61
558224	9	0
558224	34	4504
558224	29	1
560306	13	152
560466	13	157
562728	35	2
562728	10	0
562728	7	62
562728	67	0
562728	85	0
562728	86	0
562728	29	6
566728	35	2
566728	8	62
566728	9	0
566728	34	4139
566728	29	1
570867	35	2
570867	10	0
570867	7	63
570867	67	0
570867	85	0
570867	86	0
570867	29	6
573381	13	151
573381	14	0
573381	15	31
573381	29	8
575810	13	160
575944	13	152
576048	13	161
577381	35	2
577381	8	63
577381	9	0
577381	34	3268
577381	29	1
578652	13	155
578782	13	156
578928	13	164
580649	35	2
580649	10	0
580649	7	64
580649	67	0
580649	85	0
580649	86	0
580649	29	6
584268	13	161
584268	14	0
584268	15	31
584268	29	8
588268	35	2
588268	8	64
588268	9	0
588268	34	3043
588268	29	1
588541	13	172
588764	13	157
588887	13	159
589009	13	153
589153	13	167
589497	13	158
590610	13	156
590811	13	155
591311	35	2
591311	10	0
591311	7	65
591311	67	0
591311	85	0
591311	86	0
591311	29	6
591849	13	155
591849	14	0
591849	15	31
591849	29	8
595849	35	2
595849	8	65
595849	9	0
595849	34	4279
595849	29	1
600128	35	2
600128	10	0
600128	7	66
600128	67	0
600128	85	0
600128	86	0
600128	29	6
602839	13	170
602839	14	0
602839	15	31
602839	29	8
603904	13	158
604147	13	154
604276	13	159
604412	13	153
604566	13	152
604712	13	152
604862	13	163
605029	13	154
605180	13	152
605332	13	156
605689	13	155
606167	13	163
606651	13	152
606791	13	168
606839	35	2
606839	8	66
606839	9	0
606839	34	3430
606839	29	1
607435	13	151
610269	35	2
610269	10	0
610269	7	67
610269	67	0
610269	85	0
610269	86	0
610269	29	6
614269	35	2
614269	8	67
614269	9	0
614269	34	3446
614269	29	1
617715	35	2
617715	10	0
617715	7	68
617715	67	0
617715	85	0
617715	86	0
617715	29	6
618875	13	160
618875	14	0
618875	15	31
618875	29	8
622875	35	2
622875	8	68
622875	9	0
622875	34	4526
622875	29	1
622977	13	177
623107	13	165
623218	13	154
623315	13	158
623435	13	156
623569	13	154
623779	13	153
623927	13	154
624864	13	155
625124	13	153
626377	13	157
626534	13	155
627401	35	2
627401	10	0
627401	7	69
627401	67	0
627401	85	0
627401	86	0
627401	29	6
627439	13	152
627439	14	0
627439	15	31
627439	29	8
631439	35	2
631439	8	69
631439	9	0
631439	34	3315
631439	29	1
634754	35	2
634754	10	0
634754	7	70
634754	67	0
634754	85	0
634754	86	0
634754	29	6
635594	13	163
635594	14	0
635594	15	31
635594	29	8
637564	13	152
637804	13	151
637946	13	167
638464	13	154
638605	13	153
639585	13	151
639594	35	2
639594	8	70
639594	9	0
639594	34	4167
639594	29	1
639714	13	163
639864	13	151
643761	35	2
643761	10	0
643761	7	71
643761	67	0
643761	85	0
643761	86	0
643761	29	6
645188	13	153
645188	14	0
645188	15	31
645188	29	8
648785	13	170
648903	13	154
649014	13	171
649133	13	154
649188	35	2
649188	8	71
649188	9	0
649188	34	4789
649188	29	1
649262	13	179
649581	13	154
653977	35	2
653977	10	0
653977	7	72
653977	67	0
653977	85	0
653977	86	0
653977	29	6
656275	13	156
656275	14	0
656275	15	31
656275	29	8
657764	13	185
657915	13	165
658045	13	152
658507	13	151
658643	13	153
660275	35	2
660275	8	72
660275	9	0
660275	34	4390
660275	29	1
662093	13	159
664665	35	2
664665	10	0
664665	7	73
664665	67	0
664665	85	0
664665	86	0
664665	29	6
665935	13	152
665935	14	0
665935	15	31
665935	29	8
669935	35	2
669935	8	73
669935	9	0
669935	34	3363
669935	29	1
673298	35	2
673298	10	0
673298	7	74
673298	67	0
673298	85	0
673298	86	0
673298	29	6
675167	13	199
675167	14	0
675167	15	31
675167	29	8
677904	13	173
678042	13	173
678180	13	156
678328	13	156
678629	13	154
679168	35	2
679168	8	74
679168	9	0
679168	34	3353
679168	29	1
680738	13	154
680860	13	168
681015	13	154
681510	13	153
682521	35	2
682521	10	0
682521	7	75
682521	67	0
682521	85	0
682521	86	0
682521	29	6
682923	13	152
682923	14	0
682923	15	31
682923	29	8
686923	35	2
686923	8	75
686923	9	0
686923	34	3157
686923	29	1
687840	13	157
687970	13	157
688067	13	152
688193	13	162
690080	35	2
690080	10	0
690080	7	76
690080	67	0
690080	85	0
690080	86	0
690080	29	6
693912	13	153
693912	14	0
693912	15	31
693912	29	8
696202	13	160
696360	13	155
696488	13	159
697912	35	2
697912	8	76
697912	9	0
697912	34	4278
697912	29	1
702190	35	2
702190	10	0
702190	7	77
702190	67	0
702190	85	0
702190	86	0
702190	29	6
706190	35	2
706190	8	77
706190	9	0
706190	34	3192
706190	29	1
706824	13	154
709310	13	160
709382	35	2
709382	10	0
709382	7	78
709382	67	0
709382	85	0
709382	86	0
709382	29	6
713382	35	2
713382	8	78
713382	9	0
713382	34	3047
713382	29	1
714288	13	151
714491	13	159
716429	35	2
716429	10	0
716429	7	79
716429	67	0
716429	85	0
716429	86	0
716429	29	6
717469	13	151
717469	14	0
717469	15	31
717469	29	8
719255	13	158
719412	13	171
719553	13	152
719680	13	152
721136	13	155
721469	35	2
721469	8	79
721469	9	0
721469	34	3172
721469	29	1
724641	35	2
724641	10	0
724641	7	80
724641	67	0
724641	85	0
724641	86	0
724641	29	6
728641	35	2
728641	8	80
728641	9	0
728641	34	3047
728641	29	1
730476	13	157
730598	13	158
731688	35	2
731688	10	0
731688	7	81
731688	67	0
731688	85	0
731688	86	0
731688	29	6
735688	35	2
735688	8	81
735688	9	0
735688	34	3382
735688	29	1
736661	13	156
739070	35	2
739070	10	0
739070	7	82
739070	67	0
739070	85	0
739070	86	0
739070	29	6
739293	13	151
739293	14	0
739293	15	31
739293	29	8
743293	35	2
743293	8	82
743293	9	0
743293	34	3233
743293	29	1
746526	35	2
746526	10	0
746526	7	83
746526	67	0
746526	85	0
746526	86	0
746526	29	6
746626	13	168
746626	14	0
746626	15	31
746626	29	8
749666	13	172
749917	13	170
750059	13	159
750197	13	164
750357	13	153
750626	35	2
750626	8	83
750626	9	0
750626	34	4199
750626	29	1
754825	35	2
754825	10	0
754825	7	84
754825	67	0
754825	85	0
754825	86	0
754825	29	6
755799	13	155
755799	14	0
755799	15	31
755799	29	8
757481	13	152
757592	13	151
757707	13	156
757843	13	169
757991	13	163
759799	35	2
759799	8	84
759799	9	0
759799	34	3044
759799	29	1
760505	13	152
760659	13	169
762573	13	159
762843	35	2
762843	10	0
762843	7	85
762843	67	0
762843	85	0
762843	86	0
762843	29	6
766843	35	2
766843	8	85
766843	9	0
766843	34	4791
766843	29	1
770348	13	151
770514	13	156
770656	13	152
770824	13	153
770958	13	154
771524	13	155
771634	35	2
771634	10	0
771634	7	86
771634	67	0
771634	85	0
771634	86	0
771634	29	6
771658	13	160
771658	14	0
771658	15	31
771658	29	8
772781	13	153
773027	13	164
773157	13	152
773298	13	164
773467	13	151
775658	35	2
775658	8	86
775658	9	0
775658	34	4475
775658	29	1
775781	13	152
780133	35	2
780133	10	0
780133	7	87
780133	67	0
780133	85	0
780133	86	0
780133	29	6
784133	35	2
784133	8	87
784133	9	0
784133	34	4506
784133	29	1
785561	13	155
785729	13	163
787409	13	155
788639	35	2
788639	10	0
788639	7	88
788639	67	0
788639	85	0
788639	86	0
788639	29	6
792639	35	2
792639	8	88
792639	9	0
792639	34	4699
792639	29	1
793186	13	151
797338	35	2
797338	10	0
797338	7	89
797338	67	0
797338	85	0
797338	86	0
797338	29	6
798024	13	152
798024	14	0
798024	15	31
798024	29	8
802024	35	2
802024	8	89
802024	9	0
802024	34	4406
802024	29	1
802621	13	161
802856	13	176
803110	13	160
803227	13	171
804392	13	151
806430	35	2
806430	10	0
806430	7	90
806430	67	0
806430	85	0
806430	86	0
806430	29	6
810430	35	2
810430	8	90
810430	9	0
810430	34	3058
810430	29	1
812881	13	151
813488	35	2
813488	10	0
813488	7	91
813488	67	0
813488	85	0
813488	86	0
813488	29	6
813559	13	151
813559	14	0
813559	15	31
813559	29	8
817559	35	2
817559	8	91
817559	9	0
817559	34	3346
817559	29	1
820905	35	2
820905	10	0
820905	7	92
820905	67	0
820905	85	0
820905	86	0
820905	29	6
823892	13	169
823892	14	0
823892	15	31
823892	29	8
827892	35	2
827892	8	92
827892	9	0
827892	34	4436
827892	29	1
829428	13	155
829555	13	161
829665	13	152
830631	13	155
831325	13	154
832091	13	155
832328	35	2
832328	10	0
832328	7	93
832328	67	0
832328	85	0
832328	86	0
832328	29	6
836328	35	2
836328	8	93
836328	9	0
836328	34	4065
836328	29	1
840393	35	2
840393	10	0
840393	7	94
840393	67	0
840393	85	0
840393	86	0
840393	29	6
843886	13	151
843886	14	0
843886	15	31
843886	29	8
847886	35	2
847886	8	94
847886	9	0
847886	34	3464
847886	29	1
851350	35	2
851350	10	0
851350	7	95
851350	67	0
851350	85	0
851350	86	0
851350	29	6
855350	35	2
855350	8	95
855350	9	0
855350	34	4619
855350	29	1
859272	13	156
859410	13	168
859613	13	173
859741	13	157
859969	35	2
859969	10	0
859969	7	96
859969	67	0
859969	85	0
859969	86	0
859969	29	6
861714	13	151
861714	14	0
861714	15	31
861714	29	8
865714	35	2
865714	8	96
865714	9	0
865714	34	3359
865714	29	1
869073	35	2
869073	10	0
869073	7	97
869073	67	0
869073	85	0
869073	86	0
869073	29	6
873073	35	2
873073	8	97
873073	9	0
873073	34	4292
873073	29	1
873876	13	155
874094	13	175
874380	13	174
874515	13	163
877365	35	2
877365	10	0
877365	7	98
877365	67	0
877365	85	0
877365	86	0
877365	29	6
881366	35	2
881366	8	98
881366	9	0
881366	34	3573
881366	29	1
884939	35	2
884939	10	0
884939	7	99
884939	67	0
884939	85	0
884939	86	0
884939	29	6
887609	13	153
887609	14	0
887609	15	31
887609	29	8
891609	35	2
891609	8	99
891609	9	0
891609	34	3123
891609	29	1
894732	35	2
894732	10	0
894732	7	100
894732	67	0
894732	85	0
894732	86	0
894732	29	6
898732	35	2
898732	8	100
898732	9	0
898732	34	4374
898732	29	1
903106	35	2
903106	10	0
903106	7	101
903106	67	0
903106	85	0
903106	86	0
903106	29	6
903706	13	157
903706	14	0
903706	15	31
903706	29	8
907706	35	2
907706	8	101
907706	9	0
907706	34	4039
907706	29	1
907732	13	166
907952	13	167
908214	13	169
911745	35	2
911745	10	0
911745	7	102
911745	67	0
911745	85	0
911745	86	0
911745	29	6
912594	13	156
912594	14	0
912594	15	31
912594	29	8
916594	35	2
916594	8	102
916594	9	0
916594	34	4211
916594	29	1
918057	13	177
918194	13	164
918310	13	157
918810	13	161
919652	13	152
920805	35	2
920805	10	0
920805	7	103
920805	67	0
920805	85	0
920805	86	0
920805	29	6
923632	13	171
923632	14	0
923632	15	31
923632	29	8
927632	35	2
927632	8	103
927632	9	0
927632	34	3201
927632	29	1
930833	35	2
930833	10	0
930833	7	104
930833	67	0
930833	85	0
930833	86	0
930833	29	6
931888	13	170
931888	14	0
931888	15	31
931888	29	8
932940	13	152
935888	35	2
935888	8	104
935888	9	0
935888	34	3156
935888	29	1
938372	13	156
938684	13	157
939044	35	2
939044	10	0
939044	7	105
939044	67	0
939044	85	0
939044	86	0
939044	29	6
943044	35	2
943044	8	105
943044	9	0
943044	34	3183
943044	29	1
944136	13	161
944264	13	161
946227	35	2
946227	10	0
946227	7	106
946227	67	0
946227	85	0
946227	86	0
946227	29	6
947245	13	160
947245	14	0
947245	15	31
947245	29	8
950303	13	177
950547	13	153
950691	13	154
950839	13	159
951245	35	2
951245	8	106
951245	9	0
951245	34	4741
951245	29	1
955986	35	2
955986	10	0
955986	7	107
955986	67	0
955986	85	0
955986	86	0
955986	29	6
959986	35	2
959986	8	107
959986	9	0
959986	34	3476
959986	29	1
962662	13	161
963462	35	2
963462	10	0
963462	7	108
963462	67	0
963462	85	0
963462	86	0
963462	29	6
967462	35	2
967462	8	108
967462	9	0
967462	34	3633
967462	29	1
967521	13	155
967693	13	170
968658	13	152
971095	35	2
971095	10	0
971095	7	109
971095	67	0
971095	85	0
971095	86	0
971095	29	6
975095	35	2
975095	8	109
975095	9	0
975095	34	3945
975095	29	1
979040	35	2
979040	10	0
979040	7	110
979040	67	0
979040	85	0
979040	86	0
979040	29	6
983040	35	2
983040	8	110
983040	9	0
983040	34	3982
983040	29	1
987022	35	2
987022	10	0
987022	7	111
987022	67	0
987022	85	0
987022	86	0
987022	29	6
989438	13	155
989438	14	0
989438	15	31
989438	29	8
993438	35	2
993438	8	111
993438	9	0
993438	34	3366
993438	29	1
996804	35	2
996804	10	0
996804	7	112
996804	67	0
996804	85	0
996804	86	0
996804	29	6
1000804	35	2
1000804	8	112
1000804	9	0
1000804	34	3205
1000804	29	1
1004009	35	2
1004009	10	0
1004009	7	113
1004009	67	0
1004009	85	0
1004009	86	0
1004009	29	6
1004882	13	158
1004882	14	0
1004882	15	31
1004882	29	8
1005995	13	171
1006172	13	154
1006322	13	170
1006478	13	153
1006647	13	164
1006950	13	161
1007142	13	159
1007340	13	152
1008403	13	152
1008660	13	157
1008882	35	2
1008882	8	113
1008882	9	0
1008882	34	4710
1008882	29	1
1009348	13	156
1013592	35	2
1013592	10	0
1013592	7	114
1013592	67	0
1013592	85	0
1013592	86	0
1013592	29	6
1017592	35	2
1017592	8	114
1017592	9	0
1017592	34	3158
1017592	29	1
1018776	13	158
1020750	35	2
1020750	10	0
1020750	7	115
1020750	67	0
1020750	85	0
1020750	86	0
1020750	29	6
1024750	35	2
1024750	8	115
1024750	9	0
1024750	34	3935
1024750	29	1
1028685	35	2
1028685	10	0
1028685	7	116
1028685	67	0
1028685	85	0
1028685	86	0
1028685	29	6
1028729	13	151
1028729	14	0
1028729	15	31
1028729	29	8
1030384	13	159
1030564	13	169
1030691	13	164
1032729	35	2
1032729	8	116
1032729	9	0
1032729	34	3324
1032729	29	1
1035793	13	155
1035925	13	160
1036053	35	2
1036053	10	0
1036053	7	117
1036053	67	0
1036053	85	0
1036053	86	0
1036053	29	6
1036080	13	170
1036080	14	0
1036080	15	31
1036080	29	8
1040080	35	2
1040080	8	117
1040080	9	0
1040080	34	4039
1040080	29	1
1040358	13	154
1040887	13	157
1041369	13	152
1044119	35	2
1044119	10	0
1044119	7	118
1044119	67	0
1044119	85	0
1044119	86	0
1044119	29	6
1048119	35	2
1048119	8	118
1048119	9	0
1048119	34	4732
1048119	29	1
1048244	13	151
1049070	13	151
1049243	13	161
1052851	35	2
1052851	10	0
1052851	7	119
1052851	67	0
1052851	85	0
1052851	86	0
1052851	29	6
1056851	35	2
1056851	8	119
1056851	9	0
1056851	34	3569
1056851	29	1
1059534	13	153
1060420	35	2
1060420	10	0
1060420	7	120
1060420	67	0
1060420	85	0
1060420	86	0
1060420	29	6
1061019	13	152
1061019	14	0
1061019	15	31
1061019	29	8
1062079	13	155
1062269	13	155
1062412	13	170
1065019	35	2
1065019	8	120
1065019	9	0
1065019	34	4322
1065019	29	1
1069341	35	2
1069341	10	0
1069341	7	121
1069341	67	0
1069341	85	0
1069341	86	0
1069341	29	6
1070689	13	158
1070689	14	0
1070689	15	31
1070689	29	8
1072093	13	151
1072268	13	152
1074689	35	2
1074689	8	121
1074689	9	0
1074689	34	4323
1074689	29	1
1079012	35	2
1079012	10	0
1079012	7	122
1079012	67	0
1079012	85	0
1079012	86	0
1079012	29	6
1080594	13	157
1080594	14	0
1080594	15	31
1080594	29	8
1084594	35	2
1084594	8	122
1084594	9	0
1084594	34	4822
1084594	29	1
1086731	13	159
1086902	13	162
1089416	35	2
1089416	10	0
1089416	7	123
1089416	67	0
1089416	85	0
1089416	86	0
1089416	29	6
1092052	13	162
1092052	14	0
1092052	15	31
1092052	29	8
1093565	13	166
1093760	13	162
1094049	13	157
1096052	35	2
1096052	8	123
1096052	9	0
1096052	34	3955
1096052	29	1
1100007	35	2
1100007	10	0
1100007	7	124
1100007	67	0
1100007	85	0
1100007	86	0
1100007	29	6
1103485	13	155
1103485	14	0
1103485	15	31
1103485	29	8
1107485	35	2
1107485	8	124
1107485	9	0
1107485	34	4797
1107485	29	1
1108233	13	152
1108456	13	171
1108716	13	161
1108890	13	160
1109876	13	155
1110014	13	159
1110709	13	152
1112282	35	2
1112282	10	0
1112282	7	125
1112282	67	0
1112282	85	0
1112282	86	0
1112282	29	6
1116282	35	2
1116282	8	125
1116282	9	0
1116282	34	4379
1116282	29	1
1120661	35	2
1120661	10	0
1120661	7	126
1120661	67	0
1120661	85	0
1120661	86	0
1120661	29	6
1124659	13	152
1124659	14	0
1124659	15	31
1124659	29	8
1126299	13	157
1126464	13	169
1127668	13	155
1128659	35	2
1128659	8	126
1128659	9	0
1128659	34	4075
1128659	29	1
1132734	35	2
1132734	10	0
1132734	7	127
1132734	67	0
1132734	85	0
1132734	86	0
1132734	29	6
1136734	35	2
1136734	8	127
1136734	9	0
1136734	34	3157
1136734	29	1
1138962	13	153
1139109	13	157
1139891	35	2
1139891	10	0
1139891	7	128
1139891	67	0
1139891	85	0
1139891	86	0
1139891	29	6
1143891	35	2
1143891	8	128
1143891	9	0
1143891	34	3215
1143891	29	1
1147106	35	2
1147106	10	0
1147106	7	129
1147106	67	0
1147106	85	0
1147106	86	0
1147106	29	6
1149411	13	153
1149411	14	0
1149411	15	31
1149411	29	8
1153411	35	2
1153411	8	129
1153411	9	0
1153411	34	3809
1153411	29	1
1157220	35	2
1157220	10	0
1157220	7	130
1157220	67	0
1157220	85	0
1157220	86	0
1157220	29	6
1159511	13	160
1159511	14	0
1159511	15	31
1159511	29	8
1160564	13	151
1163511	35	2
1163511	8	130
1163511	9	0
1163511	34	4378
1163511	29	1
1167889	35	2
1167889	10	0
1167889	7	131
1167889	67	0
1167889	85	0
1167889	86	0
1167889	29	6
1168886	13	181
1168886	14	0
1168886	15	31
1168886	29	8
1169937	13	151
1172886	35	2
1172886	8	131
1172886	9	0
1172886	34	4913
1172886	29	1
1177799	35	2
1177799	10	0
1177799	7	132
1177799	67	0
1177799	85	0
1177799	86	0
1177799	29	6
1181799	35	2
1181799	8	132
1181799	9	0
1181799	34	4838
1181799	29	1
1186637	35	2
1186637	10	0
1186637	7	133
1186637	67	0
1186637	85	0
1186637	86	0
1186637	29	6
1190637	35	2
1190637	8	133
1190637	9	0
1190637	34	4059
1190637	29	1
1191148	13	156
1191356	13	152
1192046	13	153
1194696	35	2
1194696	10	0
1194696	7	134
1194696	67	0
1194696	85	0
1194696	86	0
1194696	29	6
1198696	35	2
1198696	8	134
1198696	9	0
1198696	34	3907
1198696	29	1
1202603	35	2
1202603	10	0
1202603	7	135
1202603	67	0
1202603	85	0
1202603	86	0
1202603	29	6
1206603	35	2
1206603	8	135
1206603	9	0
1206603	34	4062
1206603	29	1
1208419	13	153
1209605	13	154
1210665	35	2
1210665	10	0
1210665	7	136
1210665	67	0
1210665	85	0
1210665	86	0
1210665	29	6
1214665	35	2
1214665	8	136
1214665	9	0
1214665	34	3878
1214665	29	1
1218543	35	2
1218543	10	0
1218543	7	137
1218543	67	0
1218543	85	0
1218543	86	0
1218543	29	6
1219333	13	153
1219333	14	0
1219333	15	31
1219333	29	8
1220691	13	164
1220968	13	158
1223333	35	2
1223333	8	137
1223333	9	0
1223333	34	3528
1223333	29	1
1226861	35	2
1226861	10	0
1226861	7	138
1226861	67	0
1226861	85	0
1226861	86	0
1226861	29	6
1230861	35	2
1230861	8	138
1230861	9	0
1230861	34	4908
1230861	29	1
1233043	13	152
1233201	13	154
1234258	13	152
1235354	13	153
1235769	35	2
1235769	10	0
1235769	7	139
1235769	67	0
1235769	85	0
1235769	86	0
1235769	29	6
1239769	35	2
1239769	8	139
1239769	9	0
1239769	34	3224
1239769	29	1
1240439	13	152
1242993	35	2
1242993	10	0
1242993	7	140
1242993	67	0
1242993	85	0
1242993	86	0
1242993	29	6
1246993	35	2
1246993	8	140
1246993	9	0
1246993	34	3058
1246993	29	1
1249997	13	151
1250051	35	2
1250051	10	0
1250051	7	141
1250051	67	0
1250051	85	0
1250051	86	0
1250051	29	6
1250192	13	157
1250192	14	0
1250192	15	31
1250192	29	8
1251263	13	152
1254192	35	2
1254192	8	141
1254192	9	0
1254192	34	3168
1254192	29	1
1257360	35	2
1257360	10	0
1257360	7	142
1257360	67	0
1257360	85	0
1257360	86	0
1257360	29	6
1259452	13	155
1259452	14	0
1259452	15	31
1259452	29	8
1260505	13	155
1260562	13	151
1261240	13	152
1261427	13	159
1262385	13	151
1262793	13	158
1263452	35	2
1263452	8	142
1263452	9	0
1263452	34	3064
1263452	29	1
1266516	35	2
1266516	10	0
1266516	7	143
1266516	67	0
1266516	85	0
1266516	86	0
1266516	29	6
1270516	35	2
1270516	8	143
1270516	9	0
1270516	34	3763
1270516	29	1
1274279	35	2
1274279	10	0
1274279	7	144
1274279	67	0
1274279	85	0
1274279	86	0
1274279	29	6
1276620	13	152
1276620	14	0
1276620	15	31
1276620	29	8
1277692	13	151
1280620	35	2
1280620	8	144
1280620	9	0
1280620	34	4888
1280620	29	1
1285508	35	2
1285508	10	0
1285508	7	145
1285508	67	0
1285508	85	0
1285508	86	0
1285508	29	6
1288617	13	165
1288617	14	0
1288617	15	31
1288617	29	8
1289666	13	151
1289853	13	151
1289906	13	151
1289976	13	151
1290256	13	151
1292617	35	2
1292617	8	145
1292617	9	0
1292617	34	4068
1292617	29	1
1296685	35	2
1296685	10	0
1296685	7	146
1296685	67	0
1296685	85	0
1296685	86	0
1296685	29	6
1300685	35	2
1300685	8	146
1300685	9	0
1300685	34	4439
1300685	29	1
1305124	35	2
1305124	10	0
1305124	7	147
1305124	67	0
1305124	85	0
1305124	86	0
1305124	29	6
1309124	35	2
1309124	8	147
1309124	9	0
1309124	34	4153
1309124	29	1
1310876	13	172
1311054	13	155
1312561	13	153
1313277	35	2
1313277	10	0
1313277	7	148
1313277	67	0
1313277	85	0
1313277	86	0
1313277	29	6
1317277	35	2
1317277	8	148
1317277	9	0
1317277	34	3078
1317277	29	1
1320355	35	2
1320355	10	0
1320355	7	149
1320355	67	0
1320355	85	0
1320355	86	0
1320355	29	6
1324355	35	2
1324355	8	149
1324355	9	0
1324355	34	4865
1324355	29	1
1329220	35	2
1329220	10	0
1329220	7	150
1329220	67	0
1329220	85	0
1329220	86	0
1329220	29	6
1333220	35	2
1333220	8	150
1333220	9	0
1333220	34	4911
1333220	29	1
1338131	35	2
1338131	10	0
1338131	7	151
1338131	67	0
1338131	85	0
1338131	86	0
1338131	29	6
1342131	35	2
1342131	8	151
1342131	9	0
1342131	34	4042
1342131	29	1
1343805	13	155
1343985	13	152
1346173	35	2
1346173	10	0
1346173	7	152
1346173	67	0
1346173	85	0
1346173	86	0
1346173	29	6
1350173	35	2
1350173	8	152
1350173	9	0
1350173	34	4545
1350173	29	1
1354718	35	2
1354718	10	0
1354718	7	153
1354718	67	0
1354718	85	0
1354718	86	0
1354718	29	6
1358609	13	151
1358609	14	0
1358609	15	31
1358609	29	8
1359680	13	152
1360294	13	152
1360508	13	171
1362609	35	2
1362609	8	153
1362609	9	0
1362609	34	3293
1362609	29	1
1364824	13	153
1365430	13	153
1365902	35	2
1365902	10	0
1365902	7	154
1365902	67	0
1365902	85	0
1365902	86	0
1365902	29	6
1369902	35	2
1369902	8	154
1369902	9	0
1369902	34	4358
1369902	29	1
1372682	13	152
1374260	35	2
1374260	10	0
1374260	7	155
1374260	67	0
1374260	85	0
1374260	86	0
1374260	29	6
1378260	35	2
1378260	8	155
1378260	9	0
1378260	34	4355
1378260	29	1
1382615	35	2
1382615	10	0
1382615	7	156
1382615	67	0
1382615	85	0
1382615	86	0
1382615	29	6
1382960	13	153
1382960	14	0
1382960	15	31
1382960	29	8
1384022	13	153
1386960	35	2
1386960	8	156
1386960	9	0
1386960	34	3167
1386960	29	1
1390127	35	2
1390127	10	0
1390127	7	157
1390127	67	0
1390127	85	0
1390127	86	0
1390127	29	6
1394127	35	2
1394127	8	157
1394127	9	0
1394127	34	4298
1394127	29	1
1395554	13	160
1395798	13	156
1396198	13	151
1396374	13	158
1396533	13	160
1397756	13	156
1397966	13	169
1398425	35	2
1398425	10	0
1398425	7	158
1398425	67	0
1398425	85	0
1398425	86	0
1398425	29	6
1399081	13	156
1399081	14	0
1399081	15	31
1399081	29	8
1400143	13	154
1400361	13	155
1400428	13	151
1400563	13	151
1403081	35	2
1403081	8	158
1403081	9	0
1403081	34	4168
1403081	29	1
1407249	35	2
1407249	10	0
1407249	7	159
1407249	67	0
1407249	85	0
1407249	86	0
1407249	29	6
1411249	35	2
1411249	8	159
1411249	9	0
1411249	34	3428
1411249	29	1
1414677	35	2
1414677	10	0
1414677	7	160
1414677	67	0
1414677	85	0
1414677	86	0
1414677	29	6
1414879	13	152
1414879	14	0
1414879	15	31
1414879	29	8
1415941	13	151
1416231	13	151
1416468	13	152
1418880	35	2
1418880	8	160
1418880	9	0
1418880	34	3169
1418880	29	1
1422049	35	2
1422049	10	0
1422049	7	161
1422049	67	0
1422049	85	0
1422049	86	0
1422049	29	6
1426049	35	2
1426049	8	161
1426049	9	0
1426049	34	3659
1426049	29	1
1429708	35	2
1429708	10	0
1429708	7	162
1429708	67	0
1429708	85	0
1429708	86	0
1429708	29	6
1431733	13	163
1431733	14	0
1431733	15	31
1431733	29	8
1435734	35	2
1435734	8	162
1435734	9	0
1435734	34	4758
1435734	29	1
1440492	35	2
1440492	10	0
1440492	7	163
1440492	67	0
1440492	85	0
1440492	86	0
1440492	29	6
1440862	13	161
1440862	14	0
1440862	15	31
1440862	29	8
1444862	35	2
1444862	8	163
1444862	9	0
1444862	34	4159
1444862	29	1
1449021	35	2
1449021	10	0
1449021	7	164
1449021	67	0
1449021	85	0
1449021	86	0
1449021	29	6
1453021	35	2
1453021	8	164
1453021	9	0
1453021	34	4206
1453021	29	1
1457227	35	2
1457227	10	0
1457227	7	165
1457227	67	0
1457227	85	0
1457227	86	0
1457227	29	6
1461227	35	2
1461227	8	165
1461227	9	0
1461227	34	4860
1461227	29	1
1466087	35	2
1466087	10	0
1466087	7	166
1466087	67	0
1466087	85	0
1466087	86	0
1466087	29	6
1470087	35	2
1470087	8	166
1470087	9	0
1470087	34	3217
1470087	29	1
1470858	13	167
1471876	13	157
1472777	13	151
1473304	35	2
1473304	10	0
1473304	7	167
1473304	67	0
1473304	85	0
1473304	86	0
1473304	29	6
1473659	13	153
1473659	14	0
1473659	15	31
1473659	29	8
1477659	35	2
1477659	8	167
1477659	9	0
1477659	34	3691
1477659	29	1
1481350	35	2
1481350	10	0
1481350	7	168
1481350	67	0
1481350	85	0
1481350	86	0
1481350	29	6
1485350	35	2
1485350	8	168
1485350	9	0
1485350	34	3020
1485350	29	1
1488370	35	2
1488370	10	0
1488370	7	169
1488370	67	0
1488370	85	0
1488370	86	0
1488370	29	6
1492370	35	2
1492370	8	169
1492370	9	0
1492370	34	3340
1492370	29	1
1495710	35	2
1495710	10	0
1495710	7	170
1495710	67	0
1495710	85	0
1495710	86	0
1495710	29	6
1499024	13	159
1499024	14	0
1499024	15	31
1499024	29	8
1501496	13	160
1503024	35	2
1503024	8	170
1503024	9	0
1503024	34	4251
1503024	29	1
1507275	35	2
1507275	10	0
1507275	7	171
1507275	67	0
1507275	85	0
1507275	86	0
1507275	29	6
1511275	35	2
1511275	8	171
1511275	9	0
1511275	34	3054
1511275	29	1
1514329	35	2
1514329	10	0
1514329	7	172
1514329	67	0
1514329	85	0
1514329	86	0
1514329	29	6
1518329	35	2
1518329	8	172
1518329	9	0
1518329	34	4464
1518329	29	1
1518665	13	168
1518943	13	152
1522793	35	2
1522793	10	0
1522793	7	173
1522793	67	0
1522793	85	0
1522793	86	0
1522793	29	6
1523112	13	154
1523112	14	0
1523112	15	31
1523112	29	8
1527112	35	2
1527112	8	173
1527112	9	0
1527112	34	4472
1527112	29	1
1531584	35	2
1531584	10	0
1531584	7	174
1531584	67	0
1531584	85	0
1531584	86	0
1531584	29	6
1531975	13	156
1531975	14	0
1531975	15	31
1531975	29	8
1535975	35	2
1535975	8	174
1535975	9	0
1535975	34	3455
1535975	29	1
1539430	35	2
1539430	10	0
1539430	7	175
1539430	67	0
1539430	85	0
1539430	86	0
1539430	29	6
1540344	13	160
1540344	14	0
1540344	15	31
1540344	29	8
1541382	13	152
1544344	35	2
1544344	8	175
1544344	9	0
1544344	34	4997
1544344	29	1
1549341	35	2
1549341	10	0
1549341	7	176
1549341	67	0
1549341	85	0
1549341	86	0
1549341	29	6
1553341	35	2
1553341	8	176
1553341	9	0
1553341	34	3123
1553341	29	1
1556464	35	2
1556464	10	0
1556464	7	177
1556464	67	0
1556464	85	0
1556464	86	0
1556464	29	6
1560464	35	2
1560464	8	177
1560464	9	0
1560464	34	3683
1560464	29	1
1564147	35	2
1564147	10	0
1564147	7	178
1564147	67	0
1564147	85	0
1564147	86	0
1564147	29	6
1568147	35	2
1568147	8	178
1568147	9	0
1568147	34	3380
1568147	29	1
1571527	35	2
1571527	10	0
1571527	7	179
1571527	67	0
1571527	85	0
1571527	86	0
1571527	29	6
1575527	35	2
1575527	8	179
1575527	9	0
1575527	34	3483
1575527	29	1
1579010	35	2
1579010	10	0
1579010	7	180
1579010	67	0
1579010	85	0
1579010	86	0
1579010	29	6
1583010	35	2
1583010	8	180
1583010	9	0
1583010	34	4523
1583010	29	1
1587533	35	2
1587533	10	0
1587533	7	181
1587533	67	0
1587533	85	0
1587533	86	0
1587533	29	6
1588581	13	153
1588581	14	0
1588581	15	31
1588581	29	8
1592581	35	2
1592581	8	181
1592581	9	0
1592581	34	3140
1592581	29	1
1595721	35	2
1595721	10	0
1595721	7	182
1595721	67	0
1595721	85	0
1595721	86	0
1595721	29	6
1599721	35	2
1599721	8	182
1599721	9	0
1599721	34	4579
1599721	29	1
1604300	35	2
1604300	10	0
1604300	7	183
1604300	67	0
1604300	85	0
1604300	86	0
1604300	29	6
1607635	13	163
1607635	14	0
1607635	15	31
1607635	29	8
1609342	13	154
1611635	35	2
1611635	8	183
1611635	9	0
1611635	34	3160
1611635	29	1
1614717	13	155
1614795	35	2
1614795	10	0
1614795	7	184
1614795	67	0
1614795	85	0
1614795	86	0
1614795	29	6
1616161	13	153
1616161	14	0
1616161	15	31
1616161	29	8
1620161	35	2
1620161	8	184
1620161	9	0
1620161	34	3679
1620161	29	1
1621308	13	153
1621494	13	153
1621777	13	161
1621912	13	151
1622035	13	154
1623840	35	2
1623840	10	0
1623840	7	185
1623840	67	0
1623840	85	0
1623840	86	0
1623840	29	6
1625206	13	159
1625206	14	0
1625206	15	31
1625206	29	8
1629206	35	2
1629206	8	185
1629206	9	0
1629206	34	4110
1629206	29	1
1632590	13	152
1632787	13	168
1633316	35	2
1633316	10	0
1633316	7	186
1633316	67	0
1633316	85	0
1633316	86	0
1633316	29	6
1637316	35	2
1637316	8	186
1637316	9	0
1637316	34	3678
1637316	29	1
1638103	13	154
1638284	13	155
1639419	13	162
1639643	13	154
1640994	35	2
1640994	10	0
1640994	7	187
1640994	67	0
1640994	85	0
1640994	86	0
1640994	29	6
1644994	35	2
1644994	8	187
1644994	9	0
1644994	34	3499
1644994	29	1
1648493	35	2
1648493	10	0
1648493	7	188
1648493	67	0
1648493	85	0
1648493	86	0
1648493	29	6
1649313	13	159
1649313	14	0
1649313	15	31
1649313	29	8
1653313	35	2
1653313	8	188
1653313	9	0
1653313	34	4669
1653313	29	1
1655984	13	155
1656159	13	155
1656390	13	155
1657982	35	2
1657982	10	0
1657982	7	189
1657982	67	0
1657982	85	0
1657982	86	0
1657982	29	6
1658293	13	155
1658293	14	0
1658293	15	31
1658293	29	8
1662294	35	2
1662294	8	189
1662294	9	0
1662294	34	4880
1662294	29	1
1667174	35	2
1667174	10	0
1667174	7	190
1667174	67	0
1667174	85	0
1667174	86	0
1667174	29	6
1667739	13	152
1667739	14	0
1667739	15	31
1667739	29	8
1670619	13	156
1671472	13	157
1671739	35	2
1671739	8	190
1671739	9	0
1671739	34	3300
1671739	29	1
1671847	13	153
1672619	13	153
1672805	13	153
1675039	35	2
1675039	10	0
1675039	7	191
1675039	67	0
1675039	85	0
1675039	86	0
1675039	29	6
1677140	13	156
1677140	14	0
1677140	15	31
1677140	29	8
1680225	13	157
1680418	13	160
1680559	13	159
1680709	13	160
1681140	35	2
1681140	8	191
1681140	9	0
1681140	34	4730
1681140	29	1
1681753	13	151
1685870	35	2
1685870	10	0
1685870	7	192
1685870	67	0
1685870	85	0
1685870	86	0
1685870	29	6
1689870	35	2
1689870	8	192
1689870	9	0
1689870	34	4046
1689870	29	1
1690787	13	153
1690974	13	166
1693916	35	2
1693916	10	0
1693916	7	193
1693916	67	0
1693916	85	0
1693916	86	0
1693916	29	6
1697191	13	154
1697191	14	0
1697191	15	31
1697191	29	8
1700497	13	160
1701191	35	2
1701191	8	193
1701191	9	0
1701191	34	4094
1701191	29	1
1701416	13	152
1702379	13	151
1705285	35	2
1705285	10	0
1705285	7	194
1705285	67	0
1705285	85	0
1705285	86	0
1705285	29	6
1708643	13	155
1708643	14	0
1708643	15	31
1708643	29	8
1712643	35	2
1712643	8	194
1712643	9	0
1712643	34	3294
1712643	29	1
1713218	13	152
1715937	35	2
1715937	10	0
1715937	7	195
1715937	67	0
1715937	85	0
1715937	86	0
1715937	29	6
1719937	35	2
1719937	8	195
1719937	9	0
1719937	34	3517
1719937	29	1
1720919	13	155
1721083	13	170
1721532	13	155
1723454	35	2
1723454	10	0
1723454	7	196
1723454	67	0
1723454	85	0
1723454	86	0
1723454	29	6
1725200	13	157
1725200	14	0
1725200	15	31
1725200	29	8
1726993	13	152
1729200	35	2
1729200	8	196
1729200	9	0
1729200	34	4561
1729200	29	1
1731874	13	153
1732064	13	164
1733061	13	151
1733225	13	155
1733761	35	2
1733761	10	0
1733761	7	197
1733761	67	0
1733761	85	0
1733761	86	0
1733761	29	6
1736327	13	169
1736327	14	0
1736327	15	31
1736327	29	8
1740327	35	2
1740327	8	197
1740327	9	0
1740327	34	3152
1740327	29	1
1742969	13	151
1743137	13	158
1743262	13	156
1743479	35	2
1743479	10	0
1743479	7	198
1743479	67	0
1743479	85	0
1743479	86	0
1743479	29	6
1747479	35	2
1747479	8	198
1747479	9	0
1747479	34	4740
1747479	29	1
1749642	13	157
1749791	13	160
1749996	13	152
1752219	35	2
1752219	10	0
1752219	7	199
1752219	67	0
1752219	85	0
1752219	86	0
1752219	29	6
1752617	13	153
1752617	14	0
1752617	15	31
1752617	29	8
1753933	13	163
1754099	13	156
1756617	35	2
1756617	8	199
1756617	9	0
1756617	34	3078
1756617	29	1
1759695	35	2
1759695	10	0
1759695	7	200
1759695	67	0
1759695	85	0
1759695	86	0
1759695	29	6
1759715	13	165
1759715	14	0
1759715	15	31
1759715	29	8
1762892	13	164
1763053	13	162
1763197	13	154
1763342	13	152
1763494	13	152
1763690	13	151
1763715	35	2
1763715	8	200
1763715	9	0
1763715	34	3308
1763715	29	1
1763992	13	152
1764854	13	159
1765071	13	157
1767023	35	2
1767023	10	0
1767023	7	201
1767023	67	0
1767023	85	0
1767023	86	0
1767023	29	6
1771023	35	2
1771023	8	201
1771023	9	0
1771023	34	4327
1771023	29	1
1773068	13	160
1775350	35	2
1775350	10	0
1775350	7	202
1775350	67	0
1775350	85	0
1775350	86	0
1775350	29	6
1778399	13	158
1778399	14	0
1778399	15	31
1778399	29	8
1780344	13	165
1782400	35	2
1782400	8	202
1782400	9	0
1782400	34	4814
1782400	29	1
1787214	35	2
1787214	10	0
1787214	7	203
1787214	67	0
1787214	85	0
1787214	86	0
1787214	29	6
1788409	13	162
1788409	14	0
1788409	15	31
1788409	29	8
1789471	13	151
1792409	35	2
1792409	8	203
1792409	9	0
1792409	34	4263
1792409	29	1
1793732	13	159
1793881	13	164
1796072	13	156
1796672	35	2
1796672	10	0
1796672	7	204
1796672	67	0
1796672	85	0
1796672	86	0
1796672	29	6
1800672	35	2
1800672	8	204
1800672	9	0
1800672	34	3510
1800672	29	1
1804182	35	2
1804182	10	0
1804182	7	205
1804182	67	0
1804182	85	0
1804182	86	0
1804182	29	6
1808182	35	2
1808182	8	205
1808182	9	0
1808182	34	3436
1808182	29	1
1811618	35	2
1811618	10	0
1811618	7	206
1811618	67	0
1811618	85	0
1811618	86	0
1811618	29	6
1815618	35	2
1815618	8	206
1815618	9	0
1815618	34	3244
1815618	29	1
1818862	35	2
1818862	10	0
1818862	7	207
1818862	67	0
1818862	85	0
1818862	86	0
1818862	29	6
1822195	13	153
1822195	14	0
1822195	15	31
1822195	29	8
1823248	13	151
1823300	13	151
1826195	35	2
1826195	8	207
1826195	9	0
1826195	34	3678
1826195	29	1
1827478	13	158
1827703	13	165
1829146	13	165
1829820	13	154
1829873	35	2
1829873	10	0
1829873	7	208
1829873	67	0
1829873	85	0
1829873	86	0
1829873	29	6
1833873	35	2
1833873	8	208
1833873	9	0
1833873	34	3695
1833873	29	1
1837568	35	2
1837568	10	0
1837568	7	209
1837568	67	0
1837568	85	0
1837568	86	0
1837568	29	6
1841568	35	2
1841568	8	209
1841568	9	0
1841568	34	4362
1841568	29	1
1845931	35	2
1845931	10	0
1845931	7	210
1845931	67	0
1845931	85	0
1845931	86	0
1845931	29	6
1849931	35	2
1849931	8	210
1849931	9	0
1849931	34	3321
1849931	29	1
1850852	13	151
1851026	13	155
1852417	13	153
1853252	35	2
1853252	10	0
1853252	7	211
1853252	67	0
1853252	85	0
1853252	86	0
1853252	29	6
1857252	35	2
1857252	8	211
1857252	9	0
1857252	34	4287
1857252	29	1
1861539	35	2
1861539	10	0
1861539	7	212
1861539	67	0
1861539	85	0
1861539	86	0
1861539	29	6
1865539	35	2
1865539	8	212
1865539	9	0
1865539	34	3538
1865539	29	1
1869077	35	2
1869077	10	0
1869077	7	213
1869077	67	0
1869077	85	0
1869077	86	0
1869077	29	6
1870411	13	152
1870411	14	0
1870411	15	31
1870411	29	8
1871472	13	152
1874411	35	2
1874411	8	213
1874411	9	0
1874411	34	3884
1874411	29	1
1878295	35	2
1878295	10	0
1878295	7	214
1878295	67	0
1878295	85	0
1878295	86	0
1878295	29	6
1882295	35	2
1882295	8	214
1882295	9	0
1882295	34	3679
1882295	29	1
1885974	35	2
1885974	10	0
1885974	7	215
1885974	67	0
1885974	85	0
1885974	86	0
1885974	29	6
1889974	35	2
1889974	8	215
1889974	9	0
1889974	34	4341
1889974	29	1
1894315	35	2
1894315	10	0
1894315	7	216
1894315	67	0
1894315	85	0
1894315	86	0
1894315	29	6
1898315	35	2
1898315	8	216
1898315	9	0
1898315	34	3594
1898315	29	1
1901910	35	2
1901910	10	0
1901910	7	217
1901910	67	0
1901910	85	0
1901910	86	0
1901910	29	6
1905910	35	2
1905910	8	217
1905910	9	0
1905910	34	4046
1905910	29	1
1909956	35	2
1909956	10	0
1909956	7	218
1909956	67	0
1909956	85	0
1909956	86	0
1909956	29	6
1913956	35	2
1913956	8	218
1913956	9	0
1913956	34	3403
1913956	29	1
1917359	35	2
1917359	10	0
1917359	7	219
1917359	67	0
1917359	85	0
1917359	86	0
1917359	29	6
1921359	35	2
1921359	8	219
1921359	9	0
1921359	34	3934
1921359	29	1
1925293	35	2
1925293	10	0
1925293	7	220
1925293	67	0
1925293	85	0
1925293	86	0
1925293	29	6
1928236	13	151
1928236	14	0
1928236	15	31
1928236	29	8
1929277	13	151
1932236	35	2
1932236	8	220
1932236	9	0
1932236	34	3437
1932236	29	1
1935673	35	2
1935673	10	0
1935673	7	221
1935673	67	0
1935673	85	0
1935673	86	0
1935673	29	6
1939673	35	2
1939673	8	221
1939673	9	0
1939673	34	3489
1939673	29	1
1943162	35	2
1943162	10	0
1943162	7	222
1943162	67	0
1943162	85	0
1943162	86	0
1943162	29	6
1947162	35	2
1947162	8	222
1947162	9	0
1947162	34	4660
1947162	29	1
1947665	13	169
1951822	35	2
1951822	10	0
1951822	7	223
1951822	67	0
1951822	85	0
1951822	86	0
1951822	29	6
1951858	13	157
1951858	14	0
1951858	15	31
1951858	29	8
1955858	35	2
1955858	8	223
1955858	9	0
1955858	34	3018
1955858	29	1
1956574	13	182
1956868	13	154
1958876	35	2
1958876	10	0
1958876	7	224
1958876	67	0
1958876	85	0
1958876	86	0
1958876	29	6
1962876	35	2
1962876	8	224
1962876	9	0
1962876	34	4969
1962876	29	1
1965170	13	157
1965346	13	167
1967845	35	2
1967845	10	0
1967845	7	225
1967845	67	0
1967845	85	0
1967845	86	0
1967845	29	6
1971742	13	171
1971742	14	0
1971742	15	31
1971742	29	8
1972787	13	185
1975742	35	2
1975742	8	225
1975742	9	0
1975742	34	3444
1975742	29	1
1978662	13	159
1978926	13	174
1979186	35	2
1979186	10	0
1979186	7	226
1979186	67	0
1979186	85	0
1979186	86	0
1979186	29	6
1983186	35	2
1983186	8	226
1983186	9	0
1983186	34	4586
1983186	29	1
1987527	13	152
1987772	35	2
1987772	10	0
1987772	7	227
1987772	67	0
1987772	85	0
1987772	86	0
1987772	29	6
1991772	35	2
1991772	8	227
1991772	9	0
1991772	34	3136
1991772	29	1
1993664	13	153
1994908	35	2
1994908	10	0
1994908	7	228
1994908	67	0
1994908	85	0
1994908	86	0
1994908	29	6
1998908	35	2
1998908	8	228
1998908	9	0
1998908	34	4924
1998908	29	1
1999312	13	153
1999483	13	169
2001993	13	151
2003832	35	2
2003832	10	0
2003832	7	229
2003832	67	0
2003832	85	0
2003832	86	0
2003832	29	6
2004470	13	158
2004470	14	0
2004470	15	31
2004470	29	8
2005532	13	153
2007702	13	168
2008470	35	2
2008470	8	229
2008470	9	0
2008470	34	4660
2008470	29	1
2008937	13	152
2013130	35	2
2013130	10	0
2013130	7	230
2013130	67	0
2013130	85	0
2013130	86	0
2013130	29	6
2017130	35	2
2017130	8	230
2017130	9	0
2017130	34	4909
2017130	29	1
2022039	35	2
2022039	10	0
2022039	7	231
2022039	67	0
2022039	85	0
2022039	86	0
2022039	29	6
2026039	35	2
2026039	8	231
2026039	9	0
2026039	34	3465
2026039	29	1
2029504	35	2
2029504	10	0
2029504	7	232
2029504	67	0
2029504	85	0
2029504	86	0
2029504	29	6
2033504	35	2
2033504	8	232
2033504	9	0
2033504	34	3386
2033504	29	1
2036890	35	2
2036890	10	0
2036890	7	233
2036890	67	0
2036890	85	0
2036890	86	0
2036890	29	6
2040890	35	2
2040890	8	233
2040890	9	0
2040890	34	3158
2040890	29	1
2041792	13	163
2041956	13	154
2044042	13	153
2044048	35	2
2044048	10	0
2044048	7	234
2044048	67	0
2044048	85	0
2044048	86	0
2044048	29	6
2048048	35	2
2048048	8	234
2048048	9	0
2048048	34	4834
2048048	29	1
2052882	35	2
2052882	10	0
2052882	7	235
2052882	67	0
2052882	85	0
2052882	86	0
2052882	29	6
2056882	35	2
2056882	8	235
2056882	9	0
2056882	34	3440
2056882	29	1
2060322	35	2
2060322	10	0
2060322	7	236
2060322	67	0
2060322	85	0
2060322	86	0
2060322	29	6
2063255	13	160
2063255	14	0
2063255	15	31
2063255	29	8
2064317	13	153
2067255	35	2
2067255	8	236
2067255	9	0
2067255	34	4696
2067255	29	1
2067942	13	157
2068242	13	161
2068488	13	155
2068633	13	156
2068780	13	178
2068976	13	156
2069144	13	160
2070207	13	151
2070356	13	152
2071951	35	2
2071951	10	0
2071951	7	237
2071951	67	0
2071951	85	0
2071951	86	0
2071951	29	6
2075951	35	2
2075951	8	237
2075951	9	0
2075951	34	4861
2075951	29	1
2077900	13	153
2078056	13	158
2080812	35	2
2080812	10	0
2080812	7	238
2080812	67	0
2080812	85	0
2080812	86	0
2080812	29	6
2081539	13	167
2081539	14	0
2081539	15	31
2081539	29	8
2084099	13	160
2084753	13	160
2085539	35	2
2085539	8	238
2085539	9	0
2085539	34	4462
2085539	29	1
2090001	35	2
2090001	10	0
2090001	7	239
2090001	67	0
2090001	85	0
2090001	86	0
2090001	29	6
2094001	35	2
2094001	8	239
2094001	9	0
2094001	34	3646
2094001	29	1
2097647	35	2
2097647	10	0
2097647	7	240
2097647	67	0
2097647	85	0
2097647	86	0
2097647	29	6
2098877	13	154
2098877	14	0
2098877	15	31
2098877	29	8
2100543	13	154
2101498	13	159
2102304	13	153
2102877	35	2
2102877	8	240
2102877	9	0
2102877	34	3319
2102877	29	1
2106196	35	2
2106196	10	0
2106196	7	241
2106196	67	0
2106196	85	0
2106196	86	0
2106196	29	6
2110196	35	2
2110196	8	241
2110196	9	0
2110196	34	3228
2110196	29	1
2113424	35	2
2113424	10	0
2113424	7	242
2113424	67	0
2113424	85	0
2113424	86	0
2113424	29	6
2117424	35	2
2117424	8	242
2117424	9	0
2117424	34	3193
2117424	29	1
2120094	13	151
2120617	35	2
2120617	10	0
2120617	7	243
2120617	67	0
2120617	85	0
2120617	86	0
2120617	29	6
2124617	35	2
2124617	8	243
2124617	9	0
2124617	34	4721
2124617	29	1
2129338	35	2
2129338	10	0
2129338	7	244
2129338	67	0
2129338	85	0
2129338	86	0
2129338	29	6
2133338	35	2
2133338	8	244
2133338	9	0
2133338	34	4796
2133338	29	1
2138134	35	2
2138134	10	0
2138134	7	245
2138134	67	0
2138134	85	0
2138134	86	0
2138134	29	6
2142134	35	2
2142134	8	245
2142134	9	0
2142134	34	3828
2142134	29	1
2145963	35	2
2145963	10	0
2145963	7	246
2145963	67	0
2145963	85	0
2145963	86	0
2145963	29	6
2149963	35	2
2149963	8	246
2149963	9	0
2149963	34	4374
2149963	29	1
2150039	13	151
2150335	13	158
2154337	35	2
2154337	10	0
2154337	7	247
2154337	67	0
2154337	85	0
2154337	86	0
2154337	29	6
2154698	13	154
2154698	14	0
2154698	15	31
2154698	29	8
2155752	13	153
2158698	35	2
2158698	8	247
2158698	9	0
2158698	34	4429
2158698	29	1
2163127	35	2
2163127	10	0
2163127	7	248
2163127	67	0
2163127	85	0
2163127	86	0
2163127	29	6
2167127	35	2
2167127	8	248
2167127	9	0
2167127	34	4593
2167127	29	1
2167276	13	155
2171720	35	2
2171720	10	0
2171720	7	249
2171720	67	0
2171720	85	0
2171720	86	0
2171720	29	6
2175720	35	2
2175720	8	249
2175720	9	0
2175720	34	4253
2175720	29	1
2179973	35	2
2179973	10	0
2179973	7	250
2179973	67	0
2179973	85	0
2179973	86	0
2179973	29	6
2182518	13	151
2182518	14	0
2182518	15	31
2182518	29	8
2184125	13	154
2186518	35	2
2186518	8	250
2186518	9	0
2186518	34	3572
2186518	29	1
2190090	35	2
2190090	10	0
2190090	7	251
2190090	67	0
2190090	85	0
2190090	86	0
2190090	29	6
2194091	35	2
2194091	8	251
2194091	9	0
2194091	34	3994
2194091	29	1
2198085	35	2
2198085	10	0
2198085	7	252
2198085	67	0
2198085	85	0
2198085	86	0
2198085	29	6
2199487	13	160
2199487	14	0
2199487	15	31
2199487	29	8
2203487	35	2
2203487	8	252
2203487	9	0
2203487	34	3182
2203487	29	1
2206669	35	2
2206669	10	0
2206669	7	253
2206669	67	0
2206669	85	0
2206669	86	0
2206669	29	6
2210669	35	2
2210669	8	253
2210669	9	0
2210669	34	4165
2210669	29	1
2214834	35	2
2214834	10	0
2214834	7	254
2214834	67	0
2214834	85	0
2214834	86	0
2214834	29	6
2218834	35	2
2218834	8	254
2218834	9	0
2218834	34	3469
2218834	29	1
2222303	35	2
2222303	10	0
2222303	7	255
2222303	67	0
2222303	85	0
2222303	86	0
2222303	29	6
2225556	13	151
2225556	14	0
2225556	15	31
2225556	29	8
2227523	13	167
2229556	35	2
2229556	8	255
2229556	9	0
2229556	34	3391
2229556	29	1
2232947	35	2
2232947	10	0
2232947	7	256
2232947	67	0
2232947	85	0
2232947	86	0
2232947	29	6
2233820	13	158
2233820	14	0
2233820	15	31
2233820	29	8
2237820	35	2
2237820	8	256
2237820	9	0
2237820	34	4272
2237820	29	1
2238297	13	153
2238498	13	153
2242092	35	2
2242092	10	0
2242092	7	257
2242092	67	0
2242092	85	0
2242092	86	0
2242092	29	6
2246092	35	2
2246092	8	257
2246092	9	0
2246092	34	3983
2246092	29	1
2250075	35	2
2250075	10	0
2250075	7	258
2250075	67	0
2250075	85	0
2250075	86	0
2250075	29	6
2254075	35	2
2254075	8	258
2254075	9	0
2254075	34	3202
2254075	29	1
2255404	13	151
2255618	13	155
2257277	35	2
2257277	10	0
2257277	7	259
2257277	67	0
2257277	85	0
2257277	86	0
2257277	29	6
2261277	35	2
2261277	8	259
2261277	9	0
2261277	34	3290
2261277	29	1
2264567	35	2
2264567	10	0
2264567	7	260
2264567	67	0
2264567	85	0
2264567	86	0
2264567	29	6
2268567	35	2
2268567	8	260
2268567	9	0
2268567	34	4892
2268567	29	1
2273459	35	2
2273459	10	0
2273459	7	261
2273459	67	0
2273459	85	0
2273459	86	0
2273459	29	6
2274630	13	158
2274630	14	0
2274630	15	31
2274630	29	8
2278630	35	2
2278630	8	261
2278630	9	0
2278630	34	4980
2278630	29	1
2283479	13	164
2283610	35	2
2283610	10	0
2283610	7	262
2283610	67	0
2283610	85	0
2283610	86	0
2283610	29	6
2283820	13	152
2283820	14	0
2283820	15	31
2283820	29	8
2285149	13	165
2285299	13	162
2285457	13	156
2285614	13	155
2286963	13	153
2287820	35	2
2287820	8	262
2287820	9	0
2287820	34	3762
2287820	29	1
2287869	13	161
2288844	13	155
2291582	35	2
2291582	10	0
2291582	7	263
2291582	67	0
2291582	85	0
2291582	86	0
2291582	29	6
2295582	35	2
2295582	8	263
2295582	9	0
2295582	34	4929
2295582	29	1
2296548	13	155
2300511	35	2
2300511	10	0
2300511	7	264
2300511	67	0
2300511	85	0
2300511	86	0
2300511	29	6
2304512	35	2
2304512	8	264
2304512	9	0
2304512	34	3199
2304512	29	1
2305264	13	155
2305443	13	158
2307712	35	2
2307712	10	0
2307712	7	265
2307712	67	0
2307712	85	0
2307712	86	0
2307712	29	6
2307992	13	151
2307992	14	0
2307992	15	31
2307992	29	8
2311992	35	2
2311992	8	265
2311992	9	0
2311992	34	4355
2311992	29	1
2316347	35	2
2316347	10	0
2316347	7	266
2316347	67	0
2316347	85	0
2316347	86	0
2316347	29	6
2320347	35	2
2320347	8	266
2320347	9	0
2320347	34	3804
2320347	29	1
2324151	35	2
2324151	10	0
2324151	7	267
2324151	67	0
2324151	85	0
2324151	86	0
2324151	29	6
2327233	13	165
2327233	14	0
2327233	15	31
2327233	29	8
2328281	13	151
2328396	13	151
2328451	13	151
2328505	13	151
2328560	13	151
2328613	13	151
2328677	13	151
2331233	35	2
2331233	8	267
2331233	9	0
2331233	34	3382
2331233	29	1
2334615	35	2
2334615	10	0
2334615	7	268
2334615	67	0
2334615	85	0
2334615	86	0
2334615	29	6
2337015	13	172
2337015	14	0
2337015	15	31
2337015	29	8
2341015	35	2
2341015	8	268
2341015	9	0
2341015	34	3720
2341015	29	1
2342785	13	168
2343038	13	155
2343317	13	162
2343465	13	160
2343702	13	158
2343916	13	152
2344735	35	2
2344735	10	0
2344735	7	269
2344735	67	0
2344735	85	0
2344735	86	0
2344735	29	6
2347602	13	151
2347602	14	0
2347602	15	31
2347602	29	8
2350019	13	167
2350345	13	152
2350493	13	151
2350639	13	156
2350800	13	153
2350995	13	162
2351210	13	159
2351381	13	159
2351543	13	159
2351602	35	2
2351602	8	269
2351602	9	0
2351602	34	3074
2351602	29	1
2352282	13	158
2352432	13	165
2354291	13	152
2354676	35	2
2354676	10	0
2354676	7	270
2354676	67	0
2354676	85	0
2354676	86	0
2354676	29	6
2358676	35	2
2358676	8	270
2358676	9	0
2358676	34	4386
2358676	29	1
2363062	35	2
2363062	10	0
2363062	7	271
2363062	67	0
2363062	85	0
2363062	86	0
2363062	29	6
2363241	13	155
2363241	14	0
2363241	15	31
2363241	29	8
2364487	13	163
2365531	13	177
2367241	35	2
2367241	8	271
2367241	9	0
2367241	34	3937
2367241	29	1
2368152	13	151
2371178	35	2
2371178	10	0
2371178	7	272
2371178	67	0
2371178	85	0
2371178	86	0
2371178	29	6
2373265	13	156
2373265	14	0
2373265	15	31
2373265	29	8
2377265	35	2
2377265	8	272
2377265	9	0
2377265	34	3839
2377265	29	1
2380667	13	162
2380986	13	156
2381104	35	2
2381104	10	0
2381104	7	273
2381104	67	0
2381104	85	0
2381104	86	0
2381104	29	6
2385104	35	2
2385104	8	273
2385104	9	0
2385104	34	3907
2385104	29	1
2389011	35	2
2389011	10	0
2389011	7	274
2389011	67	0
2389011	85	0
2389011	86	0
2389011	29	6
2391146	13	158
2391146	14	0
2391146	15	31
2391146	29	8
2395146	35	2
2395146	8	274
2395146	9	0
2395146	34	3468
2395146	29	1
2395728	13	160
2396002	13	162
2397444	13	152
2398614	35	2
2398614	10	0
2398614	7	275
2398614	67	0
2398614	85	0
2398614	86	0
2398614	29	6
2400644	13	153
2400644	14	0
2400644	15	31
2400644	29	8
2404644	35	2
2404644	8	275
2404644	9	0
2404644	34	4549
2404644	29	1
2405123	13	154
2405300	13	155
2405412	13	167
2405934	13	158
2409193	35	2
2409193	10	0
2409193	7	276
2409193	67	0
2409193	85	0
2409193	86	0
2409193	29	6
2409718	13	153
2409718	14	0
2409718	15	31
2409718	29	8
2413718	35	2
2413718	8	276
2413718	9	0
2413718	34	3102
2413718	29	1
2416820	35	2
2416820	10	0
2416820	7	277
2416820	67	0
2416820	85	0
2416820	86	0
2416820	29	6
2420019	13	151
2420019	14	0
2420019	15	31
2420019	29	8
2423402	13	168
2423581	13	157
2424019	35	2
2424019	8	277
2424019	9	0
2424019	34	3583
2424019	29	1
2427602	35	2
2427602	10	0
2427602	7	278
2427602	67	0
2427602	85	0
2427602	86	0
2427602	29	6
2430047	13	152
2430047	14	0
2430047	15	31
2430047	29	8
2434048	35	2
2434048	8	278
2434048	9	0
2434048	34	3654
2434048	29	1
2435809	13	158
2436127	13	151
2437702	35	2
2437702	10	0
2437702	7	279
2437702	67	0
2437702	85	0
2437702	86	0
2437702	29	6
2441702	35	2
2441702	8	279
2441702	9	0
2441702	34	4335
2441702	29	1
2446038	35	2
2446038	10	0
2446038	7	280
2446038	67	0
2446038	85	0
2446038	86	0
2446038	29	6
2448875	13	151
2448875	14	0
2448875	15	31
2448875	29	8
2452004	13	151
2452875	35	2
2452875	8	280
2452875	9	0
2452875	34	4031
2452875	29	1
2456906	35	2
2456906	10	0
2456906	7	281
2456906	67	0
2456906	85	0
2456906	86	0
2456906	29	6
2460241	13	164
2460241	14	0
2460241	15	31
2460241	29	8
2464241	35	2
2464241	8	281
2464241	9	0
2464241	34	3509
2464241	29	1
2467750	35	2
2467750	10	0
2467750	7	282
2467750	67	0
2467750	85	0
2467750	86	0
2467750	29	6
2470576	13	158
2470576	14	0
2470576	15	31
2470576	29	8
2473946	13	172
2474245	13	155
2474387	13	152
2474576	35	2
2474576	8	282
2474576	9	0
2474576	34	4245
2474576	29	1
2474760	13	167
2474937	13	169
2478821	35	2
2478821	10	0
2478821	7	283
2478821	67	0
2478821	85	0
2478821	86	0
2478821	29	6
2481354	13	152
2481354	14	0
2481354	15	31
2481354	29	8
2485354	35	2
2485354	8	283
2485354	9	0
2485354	34	3391
2485354	29	1
2488745	35	2
2488745	10	0
2488745	7	284
2488745	67	0
2488745	85	0
2488745	86	0
2488745	29	6
2492745	35	2
2492745	8	284
2492745	9	0
2492745	34	4919
2492745	29	1
2497664	35	2
2497664	10	0
2497664	7	285
2497664	67	0
2497664	85	0
2497664	86	0
2497664	29	6
2500752	13	165
2500752	14	0
2500752	15	31
2500752	29	8
2504752	35	2
2504752	8	285
2504752	9	0
2504752	34	4052
2504752	29	1
2508804	35	2
2508804	10	0
2508804	7	286
2508804	67	0
2508804	85	0
2508804	86	0
2508804	29	6
2511313	13	152
2511313	14	0
2511313	15	31
2511313	29	8
2515313	35	2
2515313	8	286
2515313	9	0
2515313	34	4690
2515313	29	1
2518062	13	152
2518368	13	165
2520003	35	2
2520003	10	0
2520003	7	287
2520003	67	0
2520003	85	0
2520003	86	0
2520003	29	6
2520820	13	167
2520820	14	0
2520820	15	31
2520820	29	8
2523851	13	155
2524820	35	2
2524820	8	287
2524820	9	0
2524820	34	3187
2524820	29	1
2528007	35	2
2528007	10	0
2528007	7	288
2528007	67	0
2528007	85	0
2528007	86	0
2528007	29	6
2530375	13	153
2530375	14	0
2530375	15	31
2530375	29	8
2534375	35	2
2534375	8	288
2534375	9	0
2534375	34	3855
2534375	29	1
2535734	13	154
2536006	13	161
2538230	35	2
2538230	10	0
2538230	7	289
2538230	67	0
2538230	85	0
2538230	86	0
2538230	29	6
2542230	35	2
2542230	8	289
2542230	9	0
2542230	34	3821
2542230	29	1
2544467	13	172
2546051	35	2
2546051	10	0
2546051	7	290
2546051	67	0
2546051	85	0
2546051	86	0
2546051	29	6
2547699	13	157
2547699	14	0
2547699	15	31
2547699	29	8
2551699	35	2
2551699	8	290
2551699	9	0
2551699	34	4722
2551699	29	1
2556421	35	2
2556421	10	0
2556421	7	291
2556421	67	0
2556421	85	0
2556421	86	0
2556421	29	6
2560421	35	2
2560421	8	291
2560421	9	0
2560421	34	3852
2560421	29	1
2561932	13	161
2563785	13	156
2564273	35	2
2564273	10	0
2564273	7	292
2564273	67	0
2564273	85	0
2564273	86	0
2564273	29	6
2568273	35	2
2568273	8	292
2568273	9	0
2568273	34	3972
2568273	29	1
2568670	13	160
2572246	35	2
2572246	10	0
2572246	7	293
2572246	67	0
2572246	85	0
2572246	86	0
2572246	29	6
2576246	35	2
2576246	8	293
2576246	9	0
2576246	34	3202
2576246	29	1
2579448	35	2
2579448	10	0
2579448	7	294
2579448	67	0
2579448	85	0
2579448	86	0
2579448	29	6
2583448	35	2
2583448	8	294
2583448	9	0
2583448	34	3275
2583448	29	1
2586723	35	2
2586723	10	0
2586723	7	295
2586723	67	0
2586723	85	0
2586723	86	0
2586723	29	6
2589287	13	156
2589287	14	0
2589287	15	31
2589287	29	8
2590666	13	190
2593287	35	2
2593287	8	295
2593287	9	0
2593287	34	3589
2593287	29	1
2596332	13	154
2596876	35	2
2596876	10	0
2596876	7	296
2596876	67	0
2596876	85	0
2596876	86	0
2596876	29	6
2600876	35	2
2600876	8	296
2600876	9	0
2600876	34	3354
2600876	29	1
2604230	35	2
2604230	10	0
2604230	7	297
2604230	67	0
2604230	85	0
2604230	86	0
2604230	29	6
2606323	13	151
2606323	14	0
2606323	15	31
2606323	29	8
2607857	13	159
2610323	35	2
2610323	8	297
2610323	9	0
2610323	34	4845
2610323	29	1
2615168	35	2
2615168	10	0
2615168	7	298
2615168	67	0
2615168	85	0
2615168	86	0
2615168	29	6
2618881	13	153
2618881	14	0
2618881	15	31
2618881	29	8
2622881	35	2
2622881	8	298
2622881	9	0
2622881	34	4604
2622881	29	1
2627485	35	2
2627485	10	0
2627485	7	299
2627485	67	0
2627485	85	0
2627485	86	0
2627485	29	6
2631485	35	2
2631485	8	299
2631485	9	0
2631485	34	4225
2631485	29	1
2632700	13	156
2635710	35	2
2635710	10	0
2635710	7	300
2635710	67	0
2635710	85	0
2635710	86	0
2635710	29	6
2639710	35	2
2639710	8	300
2639710	9	0
2639710	34	3528
2639710	29	1
2643238	35	2
2643238	10	0
2643238	7	301
2643238	67	0
2643238	85	0
2643238	86	0
2643238	29	6
2647238	35	2
2647238	8	301
2647238	9	0
2647238	34	3578
2647238	29	1
2650816	35	2
2650816	10	0
2650816	7	302
2650816	67	0
2650816	85	0
2650816	86	0
2650816	29	6
2654816	35	2
2654816	8	302
2654816	9	0
2654816	34	4167
2654816	29	1
2658983	35	2
2658983	10	0
2658983	7	303
2658983	67	0
2658983	85	0
2658983	86	0
2658983	29	6
2662983	35	2
2662983	8	303
2662983	9	0
2662983	34	3017
2662983	29	1
2666000	35	2
2666000	10	0
2666000	7	304
2666000	67	0
2666000	85	0
2666000	86	0
2666000	29	6
2670000	35	2
2670000	8	304
2670000	9	0
2670000	34	4377
2670000	29	1
2674377	35	2
2674377	10	0
2674377	7	305
2674377	67	0
2674377	85	0
2674377	86	0
2674377	29	6
2678377	35	2
2678377	8	305
2678377	9	0
2678377	34	3613
2678377	29	1
2681990	35	2
2681990	10	0
2681990	7	306
2681990	67	0
2681990	85	0
2681990	86	0
2681990	29	6
2685990	35	2
2685990	8	306
2685990	9	0
2685990	34	3371
2685990	29	1
2689361	35	2
2689361	10	0
2689361	7	307
2689361	67	0
2689361	85	0
2689361	86	0
2689361	29	6
2693361	35	2
2693361	8	307
2693361	9	0
2693361	34	3458
2693361	29	1
2696819	35	2
2696819	10	0
2696819	7	308
2696819	67	0
2696819	85	0
2696819	86	0
2696819	29	6
2700819	35	2
2700819	8	308
2700819	9	0
2700819	34	4850
2700819	29	1
2705669	35	2
2705669	10	0
2705669	7	309
2705669	67	0
2705669	85	0
2705669	86	0
2705669	29	6
2709669	35	2
2709669	8	309
2709669	9	0
2709669	34	3081
2709669	29	1
2712750	35	2
2712750	10	0
2712750	7	310
2712750	67	0
2712750	85	0
2712750	86	0
2712750	29	6
2715415	13	155
2715415	14	0
2715415	15	31
2715415	29	8
2719415	35	2
2719415	8	310
2719415	9	0
2719415	34	4037
2719415	29	1
2723452	35	2
2723452	10	0
2723452	7	311
2723452	67	0
2723452	85	0
2723452	86	0
2723452	29	6
2725318	13	155
2725318	14	0
2725318	15	31
2725318	29	8
2729318	35	2
2729318	8	311
2729318	9	0
2729318	34	3684
2729318	29	1
2733002	35	2
2733002	10	0
2733002	7	312
2733002	67	0
2733002	85	0
2733002	86	0
2733002	29	6
2736287	13	157
2736287	14	0
2736287	15	31
2736287	29	8
2740287	35	2
2740287	8	312
2740287	9	0
2740287	34	4561
2740287	29	1
2744848	35	2
2744848	10	0
2744848	7	313
2744848	67	0
2744848	85	0
2744848	86	0
2744848	29	6
2745048	13	164
2745048	14	0
2745048	15	31
2745048	29	8
2748420	13	159
2749048	35	2
2749048	8	313
2749048	9	0
2749048	34	4423
2749048	29	1
2753471	35	2
2753471	10	0
2753471	7	314
2753471	67	0
2753471	85	0
2753471	86	0
2753471	29	6
2757471	35	2
2757471	8	314
2757471	9	0
2757471	34	3723
2757471	29	1
2761194	35	2
2761194	10	0
2761194	7	315
2761194	67	0
2761194	85	0
2761194	86	0
2761194	29	6
2765194	35	2
2765194	8	315
2765194	9	0
2765194	34	4600
2765194	29	1
2769794	35	2
2769794	10	0
2769794	7	316
2769794	67	0
2769794	85	0
2769794	86	0
2769794	29	6
2773794	35	2
2773794	8	316
2773794	9	0
2773794	34	4310
2773794	29	1
2775269	13	163
2778104	35	2
2778104	10	0
2778104	7	317
2778104	67	0
2778104	85	0
2778104	86	0
2778104	29	6
2782104	35	2
2782104	8	317
2782104	9	0
2782104	34	3071
2782104	29	1
2782587	13	153
2782774	13	154
2785175	35	2
2785175	10	0
2785175	7	318
2785175	67	0
2785175	85	0
2785175	86	0
2785175	29	6
2789175	35	2
2789175	8	318
2789175	9	0
2789175	34	3001
2789175	29	1
2792176	35	2
2792176	10	0
2792176	7	319
2792176	67	0
2792176	85	0
2792176	86	0
2792176	29	6
2796176	35	2
2796176	8	319
2796176	9	0
2796176	34	4502
2796176	29	1
2800678	35	2
2800678	10	0
2800678	7	320
2800678	67	0
2800678	85	0
2800678	86	0
2800678	29	6
2804678	35	2
2804678	8	320
2804678	9	0
2804678	34	3093
2804678	29	1
2807771	35	2
2807771	10	0
2807771	7	321
2807771	67	0
2807771	85	0
2807771	86	0
2807771	29	6
2811771	35	2
2811771	8	321
2811771	9	0
2811771	34	3901
2811771	29	1
2815672	35	2
2815672	10	0
2815672	7	322
2815672	67	0
2815672	85	0
2815672	86	0
2815672	29	6
2819672	35	2
2819672	8	322
2819672	9	0
2819672	34	4039
2819672	29	1
2823711	35	2
2823711	10	0
2823711	7	323
2823711	67	0
2823711	85	0
2823711	86	0
2823711	29	6
2825932	13	156
2825932	14	0
2825932	15	31
2825932	29	8
2829932	35	2
2829932	8	323
2829932	9	0
2829932	34	3336
2829932	29	1
2833268	35	2
2833268	10	0
2833268	7	324
2833268	67	0
2833268	85	0
2833268	86	0
2833268	29	6
2837268	35	2
2837268	8	324
2837268	9	0
2837268	34	3126
2837268	29	1
2840394	35	2
2840394	10	0
2840394	7	325
2840394	67	0
2840394	85	0
2840394	86	0
2840394	29	6
2844394	35	2
2844394	8	325
2844394	9	0
2844394	34	3564
2844394	29	1
2847958	35	2
2847958	10	0
2847958	7	326
2847958	67	0
2847958	85	0
2847958	86	0
2847958	29	6
2850340	13	152
2850340	14	0
2850340	15	31
2850340	29	8
2854340	35	2
2854340	8	326
2854340	9	0
2854340	34	3829
2854340	29	1
2858169	35	2
2858169	10	0
2858169	7	327
2858169	67	0
2858169	85	0
2858169	86	0
2858169	29	6
2862169	35	2
2862169	8	327
2862169	9	0
2862169	34	4646
2862169	29	1
2866816	35	2
2866816	10	0
2866816	7	328
2866816	67	0
2866816	85	0
2866816	86	0
2866816	29	6
2870816	35	2
2870816	8	328
2870816	9	0
2870816	34	3705
2870816	29	1
2873775	13	162
2874117	13	159
2874521	35	2
2874521	10	0
2874521	7	329
2874521	67	0
2874521	85	0
2874521	86	0
2874521	29	6
2878521	35	2
2878521	8	329
2878521	9	0
2878521	34	3554
2878521	29	1
2882075	35	2
2882075	10	0
2882075	7	330
2882075	67	0
2882075	85	0
2882075	86	0
2882075	29	6
2886075	35	2
2886075	8	330
2886075	9	0
2886075	34	3833
2886075	29	1
2886148	13	156
2886453	13	152
2886621	13	159
2886794	13	156
2889908	35	2
2889908	10	0
2889908	7	331
2889908	67	0
2889908	85	0
2889908	86	0
2889908	29	6
2893908	35	2
2893908	8	331
2893908	9	0
2893908	34	4479
2893908	29	1
2895688	13	156
2898387	35	2
2898387	10	0
2898387	7	332
2898387	67	0
2898387	85	0
2898387	86	0
2898387	29	6
2902387	35	2
2902387	8	332
2902387	9	0
2902387	34	4543
2902387	29	1
2902595	13	151
2903747	13	154
2903971	13	156
2906930	35	2
2906930	10	0
2906930	7	333
2906930	67	0
2906930	85	0
2906930	86	0
2906930	29	6
2907836	13	152
2907836	14	0
2907836	15	31
2907836	29	8
2911836	35	2
2911836	8	333
2911836	9	0
2911836	34	4968
2911836	29	1
2913771	13	161
2916804	35	2
2916804	10	0
2916804	7	334
2916804	67	0
2916804	85	0
2916804	86	0
2916804	29	6
2920804	35	2
2920804	8	334
2920804	9	0
2920804	34	3535
2920804	29	1
2924339	35	2
2924339	10	0
2924339	7	335
2924339	67	0
2924339	85	0
2924339	86	0
2924339	29	6
2928256	13	156
2928256	14	0
2928256	15	31
2928256	29	8
2932256	35	2
2932256	8	335
2932256	9	0
2932256	34	4839
2932256	29	1
2937095	35	2
2937095	10	0
2937095	7	336
2937095	67	0
2937095	85	0
2937095	86	0
2937095	29	6
2941095	35	2
2941095	8	336
2941095	9	0
2941095	34	3287
2941095	29	1
2944382	35	2
2944382	10	0
2944382	7	337
2944382	67	0
2944382	85	0
2944382	86	0
2944382	29	6
2945114	13	151
2945114	14	0
2945114	15	31
2945114	29	8
2949114	35	2
2949114	8	337
2949114	9	0
2949114	34	3716
2949114	29	1
2952830	35	2
2952830	10	0
2952830	7	338
2952830	67	0
2952830	85	0
2952830	86	0
2952830	29	6
2954759	13	152
2954759	14	0
2954759	15	31
2954759	29	8
2958759	35	2
2958759	8	338
2958759	9	0
2958759	34	3325
2958759	29	1
2962084	35	2
2962084	10	0
2962084	7	339
2962084	67	0
2962084	85	0
2962084	86	0
2962084	29	6
2966084	35	2
2966084	8	339
2966084	9	0
2966084	34	4834
2966084	29	1
2970013	13	156
2970202	13	153
2970400	13	156
2970918	35	2
2970918	10	0
2970918	7	340
2970918	67	0
2970918	85	0
2970918	86	0
2970918	29	6
2971390	13	154
2971390	14	0
2971390	15	31
2971390	29	8
2975390	35	2
2975390	8	340
2975390	9	0
2975390	34	4717
2975390	29	1
2980107	35	2
2980107	10	0
2980107	7	341
2980107	67	0
2980107	85	0
2980107	86	0
2980107	29	6
2982097	13	151
2982097	14	0
2982097	15	31
2982097	29	8
2986097	35	2
2986097	8	341
2986097	9	0
2986097	34	3820
2986097	29	1
2989917	35	2
2989917	10	0
2989917	7	342
2989917	67	0
2989917	85	0
2989917	86	0
2989917	29	6
2992106	13	164
2992106	14	0
2992106	15	31
2992106	29	8
2996106	35	2
2996106	8	342
2996106	9	0
2996106	34	4964
2996106	29	1
2998259	13	154
3001070	35	2
3001070	10	0
3001070	7	343
3001070	67	0
3001070	85	0
3001070	86	0
3001070	29	6
3005070	35	2
3005070	8	343
3005070	9	0
3005070	34	3652
3005070	29	1
3008722	35	2
3008722	10	0
3008722	7	344
3008722	67	0
3008722	85	0
3008722	86	0
3008722	29	6
3010654	13	165
3010654	14	0
3010654	15	31
3010654	29	8
3013263	13	153
3013692	13	156
3014654	35	2
3014654	8	344
3014654	9	0
3014654	34	4742
3014654	29	1
3015902	13	152
3016635	13	151
3019396	35	2
3019396	10	0
3019396	7	345
3019396	67	0
3019396	85	0
3019396	86	0
3019396	29	6
3023396	35	2
3023396	8	345
3023396	9	0
3023396	34	4803
3023396	29	1
3024898	13	157
3025051	13	154
3028199	35	2
3028199	10	0
3028199	7	346
3028199	67	0
3028199	85	0
3028199	86	0
3028199	29	6
3028484	13	151
3028484	14	0
3028484	15	31
3028484	29	8
3029673	13	153
3032484	35	2
3032484	8	346
3032484	9	0
3032484	34	3475
3032484	29	1
3035210	13	155
3035375	13	156
3035529	13	157
3035959	35	2
3035959	10	0
3035959	7	347
3035959	67	0
3035959	85	0
3035959	86	0
3035959	29	6
3039959	35	2
3039959	8	347
3039959	9	0
3039959	34	3947
3039959	29	1
3043906	35	2
3043906	10	0
3043906	7	348
3043906	67	0
3043906	85	0
3043906	86	0
3043906	29	6
3046814	13	152
3046814	14	0
3046814	15	31
3046814	29	8
3050814	35	2
3050814	8	348
3050814	9	0
3050814	34	4061
3050814	29	1
3054875	35	2
3054875	10	0
3054875	7	349
3054875	67	0
3054875	85	0
3054875	86	0
3054875	29	6
3058875	35	2
3058875	8	349
3058875	9	0
3058875	34	3166
3058875	29	1
3062041	35	2
3062041	10	0
3062041	7	350
3062041	67	0
3062041	85	0
3062041	86	0
3062041	29	6
3066041	35	2
3066041	8	350
3066041	9	0
3066041	34	4071
3066041	29	1
3068510	13	160
3070112	35	2
3070112	10	0
3070112	7	351
3070112	67	0
3070112	85	0
3070112	86	0
3070112	29	6
3070185	13	152
3070185	14	0
3070185	15	31
3070185	29	8
3074185	35	2
3074185	8	351
3074185	9	0
3074185	34	3353
3074185	29	1
3074549	13	162
3077538	35	2
3077538	10	0
3077538	7	352
3077538	67	0
3077538	85	0
3077538	86	0
3077538	29	6
3081538	35	2
3081538	8	352
3081538	9	0
3081538	34	3604
3081538	29	1
3085142	35	2
3085142	10	0
3085142	7	353
3085142	67	0
3085142	85	0
3085142	86	0
3085142	29	6
3089142	35	2
3089142	8	353
3089142	9	0
3089142	34	3274
3089142	29	1
3092416	35	2
3092416	10	0
3092416	7	354
3092416	67	0
3092416	85	0
3092416	86	0
3092416	29	6
3096416	35	2
3096416	8	354
3096416	9	0
3096416	34	3182
3096416	29	1
3099598	35	2
3099598	10	0
3099598	7	355
3099598	67	0
3099598	85	0
3099598	86	0
3099598	29	6
3103598	35	2
3103598	8	355
3103598	9	0
3103598	34	3606
3103598	29	1
3107204	35	2
3107204	10	0
3107204	7	356
3107204	67	0
3107204	85	0
3107204	86	0
3107204	29	6
3108587	13	154
3108587	14	0
3108587	15	31
3108587	29	8
3112587	35	2
3112587	8	356
3112587	9	0
3112587	34	4668
3112587	29	1
3117205	13	152
3117255	35	2
3117255	10	0
3117255	7	357
3117255	67	0
3117255	85	0
3117255	86	0
3117255	29	6
3117393	13	151
3117393	14	0
3117393	15	31
3117393	29	8
3121393	35	2
3121393	8	357
3121393	9	0
3121393	34	4123
3121393	29	1
3125516	35	2
3125516	10	0
3125516	7	358
3125516	67	0
3125516	85	0
3125516	86	0
3125516	29	6
3129516	35	2
3129516	8	358
3129516	9	0
3129516	34	3891
3129516	29	1
3133407	35	2
3133407	10	0
3133407	7	359
3133407	67	0
3133407	85	0
3133407	86	0
3133407	29	6
3135697	13	151
3135697	14	0
3135697	15	31
3135697	29	8
3139331	13	163
3139581	13	157
3139697	35	2
3139697	8	359
3139697	9	0
3139697	34	4450
3139697	29	1
3142937	13	160
3144147	35	2
3144147	10	0
3144147	7	360
3144147	67	0
3144147	85	0
3144147	86	0
3144147	29	6
3148147	35	2
3148147	8	360
3148147	9	0
3148147	34	4424
3148147	29	1
3148167	13	157
3152571	35	2
3152571	10	0
3152571	7	361
3152571	67	0
3152571	85	0
3152571	86	0
3152571	29	6
3156571	35	2
3156571	8	361
3156571	9	0
3156571	34	4332
3156571	29	1
3160903	35	2
3160903	10	0
3160903	7	362
3160903	67	0
3160903	85	0
3160903	86	0
3160903	29	6
3164712	13	152
3164712	14	0
3164712	15	31
3164712	29	8
3168712	35	2
3168712	8	362
3168712	9	0
3168712	34	4003
3168712	29	1
3170244	13	163
3172715	35	2
3172715	10	0
3172715	7	363
3172715	67	0
3172715	85	0
3172715	86	0
3172715	29	6
3176083	13	159
3176083	14	0
3176083	15	31
3176083	29	8
3180083	35	2
3180083	8	363
3180083	9	0
3180083	34	4521
3180083	29	1
3180725	13	157
3180896	13	161
3181664	13	159
3184604	35	2
3184604	10	0
3184604	7	364
3184604	67	0
3184604	85	0
3184604	86	0
3184604	29	6
3188604	35	2
3188604	8	364
3188604	9	0
3188604	34	3714
3188604	29	1
3192318	35	2
3192318	10	0
3192318	7	365
3192318	67	0
3192318	85	0
3192318	86	0
3192318	29	6
3196318	35	2
3196318	8	365
3196318	9	0
3196318	34	3218
3196318	29	1
3199536	35	2
3199536	10	0
3199536	7	366
3199536	67	0
3199536	85	0
3199536	86	0
3199536	29	6
3203536	35	2
3203536	8	366
3203536	9	0
3203536	34	4940
3203536	29	1
3203831	13	159
3204016	13	152
3207259	13	152
3208476	35	2
3208476	10	0
3208476	7	367
3208476	67	0
3208476	85	0
3208476	86	0
3208476	29	6
3209177	13	156
3209177	14	0
3209177	15	31
3209177	29	8
3213177	35	2
3213177	8	367
3213177	9	0
3213177	34	3621
3213177	29	1
3215413	13	154
3215609	13	164
3215961	13	168
3216798	35	2
3216798	10	0
3216798	7	368
3216798	67	0
3216798	85	0
3216798	86	0
3216798	29	6
3219423	13	155
3219423	14	0
3219423	15	31
3219423	29	8
3223424	35	2
3223424	8	368
3223424	9	0
3223424	34	4505
3223424	29	1
3227929	35	2
3227929	10	0
3227929	7	369
3227929	67	0
3227929	85	0
3227929	86	0
3227929	29	6
3231177	13	152
3231177	14	0
3231177	15	31
3231177	29	8
3235177	35	2
3235177	8	369
3235177	9	0
3235177	34	3750
3235177	29	1
3238927	35	2
3238927	10	0
3238927	7	370
3238927	67	0
3238927	85	0
3238927	86	0
3238927	29	6
3242927	35	2
3242927	8	370
3242927	9	0
3242927	34	3988
3242927	29	1
3246915	35	2
3246915	10	0
3246915	7	371
3246915	67	0
3246915	85	0
3246915	86	0
3246915	29	6
3250915	35	2
3250915	8	371
3250915	9	0
3250915	34	4911
3250915	29	1
3253118	13	156
3255826	35	2
3255826	10	0
3255826	7	372
3255826	67	0
3255826	85	0
3255826	86	0
3255826	29	6
3259826	35	2
3259826	8	372
3259826	9	0
3259826	34	4873
3259826	29	1
3264699	35	2
3264699	10	0
3264699	7	373
3264699	67	0
3264699	85	0
3264699	86	0
3264699	29	6
3267932	13	154
3267932	14	0
3267932	15	31
3267932	29	8
3271932	35	2
3271932	8	373
3271932	9	0
3271932	34	4814
3271932	29	1
3276746	35	2
3276746	10	0
3276746	7	374
3276746	67	0
3276746	85	0
3276746	86	0
3276746	29	6
3280746	35	2
3280746	8	374
3280746	9	0
3280746	34	4432
3280746	29	1
3285178	35	2
3285178	10	0
3285178	7	375
3285178	67	0
3285178	85	0
3285178	86	0
3285178	29	6
3289178	35	2
3289178	8	375
3289178	9	0
3289178	34	3412
3289178	29	1
3292590	35	2
3292590	10	0
3292590	7	376
3292590	67	0
3292590	85	0
3292590	86	0
3292590	29	6
3296590	35	2
3296590	8	376
3296590	9	0
3296590	34	4773
3296590	29	1
3301363	35	2
3301363	10	0
3301363	7	377
3301363	67	0
3301363	85	0
3301363	86	0
3301363	29	6
3305363	35	2
3305363	8	377
3305363	9	0
3305363	34	4653
3305363	29	1
3307565	13	157
3310016	35	2
3310016	10	0
3310016	7	378
3310016	67	0
3310016	85	0
3310016	86	0
3310016	29	6
3314016	35	2
3314016	8	378
3314016	9	0
3314016	34	3494
3314016	29	1
3317218	13	152
3317510	35	2
3317510	10	0
3317510	7	379
3317510	67	0
3317510	85	0
3317510	86	0
3317510	29	6
3321510	35	2
3321510	8	379
3321510	9	0
3321510	34	4582
3321510	29	1
3326092	35	2
3326092	10	0
3326092	7	380
3326092	67	0
3326092	85	0
3326092	86	0
3326092	29	6
3330092	35	2
3330092	8	380
3330092	9	0
3330092	34	4432
3330092	29	1
3330135	13	152
3333656	13	151
3334524	35	2
3334524	10	0
3334524	7	381
3334524	67	0
3334524	85	0
3334524	86	0
3334524	29	6
3338524	35	2
3338524	8	381
3338524	9	0
3338524	34	4178
3338524	29	1
3342702	35	2
3342702	10	0
3342702	7	382
3342702	67	0
3342702	85	0
3342702	86	0
3342702	29	6
3346702	35	2
3346702	8	382
3346702	9	0
3346702	34	3096
3346702	29	1
3349798	35	2
3349798	10	0
3349798	7	383
3349798	67	0
3349798	85	0
3349798	86	0
3349798	29	6
3353798	35	2
3353798	8	383
3353798	9	0
3353798	34	3026
3353798	29	1
3356824	35	2
3356824	10	0
3356824	7	384
3356824	67	0
3356824	85	0
3356824	86	0
3356824	29	6
3360824	35	2
3360824	8	384
3360824	9	0
3360824	34	4381
3360824	29	1
3365206	35	2
3365206	10	0
3365206	7	385
3365206	67	0
3365206	85	0
3365206	86	0
3365206	29	6
3367678	13	151
3367678	14	0
3367678	15	31
3367678	29	8
3371678	35	2
3371678	8	385
3371678	9	0
3371678	34	3653
3371678	29	1
3375331	35	2
3375331	10	0
3375331	7	386
3375331	67	0
3375331	85	0
3375331	86	0
3375331	29	6
3379331	35	2
3379331	8	386
3379331	9	0
3379331	34	3480
3379331	29	1
3382811	35	2
3382811	10	0
3382811	7	387
3382811	67	0
3382811	85	0
3382811	86	0
3382811	29	6
3386811	35	2
3386811	8	387
3386811	9	0
3386811	34	4678
3386811	29	1
3391489	35	2
3391489	10	0
3391489	7	388
3391489	67	0
3391489	85	0
3391489	86	0
3391489	29	6
3395489	35	2
3395489	8	388
3395489	9	0
3395489	34	3878
3395489	29	1
3399367	35	2
3399367	10	0
3399367	7	389
3399367	67	0
3399367	85	0
3399367	86	0
3399367	29	6
3400034	13	161
3400034	14	0
3400034	15	31
3400034	29	8
3403949	13	153
3404034	35	2
3404034	8	389
3404034	9	0
3404034	34	3651
3404034	29	1
3407685	35	2
3407685	10	0
3407685	7	390
3407685	67	0
3407685	85	0
3407685	86	0
3407685	29	6
3411685	35	2
3411685	8	390
3411685	9	0
3411685	34	4710
3411685	29	1
3413732	13	153
3416395	35	2
3416395	10	0
3416395	7	391
3416395	67	0
3416395	85	0
3416395	86	0
3416395	29	6
3418893	13	158
3418893	14	0
3418893	15	31
3418893	29	8
3422893	35	2
3422893	8	391
3422893	9	0
3422893	34	4767
3422893	29	1
3427660	35	2
3427660	10	0
3427660	7	392
3427660	67	0
3427660	85	0
3427660	86	0
3427660	29	6
3431660	35	2
3431660	8	392
3431660	9	0
3431660	34	3552
3431660	29	1
3435212	35	2
3435212	10	0
3435212	7	393
3435212	67	0
3435212	85	0
3435212	86	0
3435212	29	6
3439212	35	2
3439212	8	393
3439212	9	0
3439212	34	3541
3439212	29	1
3442753	35	2
3442753	10	0
3442753	7	394
3442753	67	0
3442753	85	0
3442753	86	0
3442753	29	6
3446753	35	2
3446753	8	394
3446753	9	0
3446753	34	3385
3446753	29	1
3450138	35	2
3450138	10	0
3450138	7	395
3450138	67	0
3450138	85	0
3450138	86	0
3450138	29	6
3451121	13	164
3451121	14	0
3451121	15	31
3451121	29	8
3455121	35	2
3455121	8	395
3455121	9	0
3455121	34	3894
3455121	29	1
3457064	13	154
3457639	13	155
3459015	35	2
3459015	10	0
3459015	7	396
3459015	67	0
3459015	85	0
3459015	86	0
3459015	29	6
3463015	35	2
3463015	8	396
3463015	9	0
3463015	34	3670
3463015	29	1
3466685	35	2
3466685	10	0
3466685	7	397
3466685	67	0
3466685	85	0
3466685	86	0
3466685	29	6
3468016	13	152
3468016	14	0
3468016	15	31
3468016	29	8
3472016	35	2
3472016	8	397
3472016	9	0
3472016	34	4341
3472016	29	1
3476357	35	2
3476357	10	0
3476357	7	398
3476357	67	0
3476357	85	0
3476357	86	0
3476357	29	6
3479711	13	152
3479711	14	0
3479711	15	31
3479711	29	8
3483711	35	2
3483711	8	398
3483711	9	0
3483711	34	3855
3483711	29	1
3487566	35	2
3487566	10	0
3487566	7	399
3487566	67	0
3487566	85	0
3487566	86	0
3487566	29	6
3490450	13	155
3490450	14	0
3490450	15	31
3490450	29	8
3494450	35	2
3494450	8	399
3494450	9	0
3494450	34	4917
3494450	29	1
3495067	13	152
3499367	35	2
3499367	10	0
3499367	7	400
3499367	67	0
3499367	85	0
3499367	86	0
3499367	29	6
3501057	13	155
3501057	14	0
3501057	15	31
3501057	29	8
3502242	13	160
3505057	35	2
3505057	8	400
3505057	9	0
3505057	34	3373
3505057	29	1
3508430	35	2
3508430	10	0
3508430	7	401
3508430	67	0
3508430	85	0
3508430	86	0
3508430	29	6
3512430	35	2
3512430	8	401
3512430	9	0
3512430	34	3352
3512430	29	1
3515782	35	2
3515782	10	0
3515782	7	402
3515782	67	0
3515782	85	0
3515782	86	0
3515782	29	6
3517240	13	157
3517240	14	0
3517240	15	31
3517240	29	8
3521240	35	2
3521240	8	402
3521240	9	0
3521240	34	3358
3521240	29	1
3524598	35	2
3524598	10	0
3524598	7	403
3524598	67	0
3524598	85	0
3524598	86	0
3524598	29	6
3528598	35	2
3528598	8	403
3528598	9	0
3528598	34	3268
3528598	29	1
3531866	35	2
3531866	10	0
3531866	7	404
3531866	67	0
3531866	85	0
3531866	86	0
3531866	29	6
3535866	35	2
3535866	8	404
3535866	9	0
3535866	34	4241
3535866	29	1
3540107	35	2
3540107	10	0
3540107	7	405
3540107	67	0
3540107	85	0
3540107	86	0
3540107	29	6
3544107	35	2
3544107	8	405
3544107	9	0
3544107	34	3162
3544107	29	1
3547269	35	2
3547269	10	0
3547269	7	406
3547269	67	0
3547269	85	0
3547269	86	0
3547269	29	6
3551269	35	2
3551269	8	406
3551269	9	0
3551269	34	3825
3551269	29	1
3555094	35	2
3555094	10	0
3555094	7	407
3555094	67	0
3555094	85	0
3555094	86	0
3555094	29	6
3559094	35	2
3559094	8	407
3559094	9	0
3559094	34	3290
3559094	29	1
3562384	35	2
3562384	10	0
3562384	7	408
3562384	67	0
3562384	85	0
3562384	86	0
3562384	29	6
3566384	35	2
3566384	8	408
3566384	9	0
3566384	34	4703
3566384	29	1
3571087	35	2
3571087	10	0
3571087	7	409
3571087	67	0
3571087	85	0
3571087	86	0
3571087	29	6
3575087	35	2
3575087	8	409
3575087	9	0
3575087	34	4499
3575087	29	1
3579586	35	2
3579586	10	0
3579586	7	410
3579586	67	0
3579586	85	0
3579586	86	0
3579586	29	6
3583583	13	156
3583583	14	0
3583583	15	31
3583583	29	8
3584654	13	151
3587584	35	2
3587584	8	410
3587584	9	0
3587584	34	4303
3587584	29	1
3591887	35	2
3591887	10	0
3591887	7	411
3591887	67	0
3591887	85	0
3591887	86	0
3591887	29	6
3595887	35	2
3595887	8	411
3595887	9	0
3595887	34	4921
3595887	29	1
3600808	35	2
3600808	10	0
3600808	7	412
3600808	67	0
3600808	85	0
3600808	86	0
3600808	29	6
3604808	35	2
3604808	8	412
3604808	9	0
3604808	34	4979
3604808	29	1
3609787	35	2
3609787	10	0
3609787	7	413
3609787	67	0
3609787	85	0
3609787	86	0
3609787	29	6
3613787	35	2
3613787	8	413
3613787	9	0
3613787	34	3312
3613787	29	1
3617099	35	2
3617099	10	0
3617099	29	10
3617099	6	0
